strategy,exit_method,cap_band,n,win_rate,avg_pnl_pct,total_pnl_pct
adx_initiation,atr_trail_1x,unknown,173,0.23699421965317918,-2.6149393063583815,-452.3845
adx_initiation,atr_trail_2x,unknown,173,0.3699421965317919,-0.35660635838150295,-61.69290000000001
adx_initiation,atr_trail_mae_conditional,unknown,173,0.23699421965317918,-2.6149393063583815,-452.3845
adx_initiation,atr_trail_vix_conditional,unknown,173,0.24277456647398843,-1.7233046242774566,-298.13169999999997
adx_initiation,break_even_at_1r,unknown,173,0.19653179190751446,-1.778078034682081,-307.6075
adx_initiation,breakeven_plus_trail,unknown,173,0.49710982658959535,5.446358381502891,942.22
adx_initiation,chandelier_3x,unknown,173,0.06358381502890173,-1.111956647398844,-192.3685
adx_initiation,class_time_stop,unknown,173,0.48554913294797686,2.067320231213873,357.6464
adx_initiation,earnings_blackout,unknown,173,0.43352601156069365,4.23578612716763,732.791
adx_initiation,fixed_4r_2r,unknown,173,0.36416184971098264,1.609228323699422,278.3965
adx_initiation,hybrid_50pct_target,unknown,173,0.4682080924855491,0.7794942196531794,134.85250000000005
adx_initiation,ma_exit_ema9,unknown,173,0.2947976878612717,-0.9092144508670521,-157.29410000000001
adx_initiation,mfe_lockin_trail,unknown,173,0.24277456647398843,-2.6523531791907513,-458.8571
adx_initiation,multi_tier_partial,unknown,173,0.4277456647398844,-1.671093063583815,-289.0991
adx_initiation,next_pivot_target,unknown,173,0.6647398843930635,0.12481791907514445,21.593499999999988
adx_initiation,r_multiple_2r,unknown,173,0.3236994219653179,-0.1108121387283237,-19.1705
adx_initiation,r_multiple_3r,unknown,173,0.2658959537572254,0.1830861271676301,31.673900000000007
adx_initiation,regime_flip,unknown,173,0.49710982658959535,0.6735231213872832,116.5195
adx_initiation,reverse_signal,unknown,173,0.23699421965317918,-2.6149393063583815,-452.3845
adx_initiation,smc_mitigation_zone,unknown,173,0.23699421965317918,-2.6149393063583815,-452.3845
adx_initiation,time_stop_10d,unknown,173,0.48554913294797686,-0.24443005780346821,-42.2864
adx_initiation,time_stop_20d,unknown,173,0.49710982658959535,0.6735231213872832,116.5195
adx_initiation,trailing_10pct,unknown,173,0.28901734104046245,-0.652991907514451,-112.96760000000002
adx_initiation,trailing_15pct,unknown,173,0.30057803468208094,0.5363121387283237,92.782
adx_initiation,trailing_5pct,unknown,173,0.14450867052023122,-2.364606358381503,-409.0769
avwap_252_breakout,atr_trail_1x,unknown,31,0.25806451612903225,-2.386377419354839,-73.9777
avwap_252_breakout,atr_trail_2x,unknown,31,0.3548387096774194,1.2856806451612903,39.8561
avwap_252_breakout,atr_trail_mae_conditional,unknown,31,0.25806451612903225,-2.386377419354839,-73.9777
avwap_252_breakout,atr_trail_vix_conditional,unknown,31,0.3548387096774194,-0.5554709677419357,-17.219600000000007
avwap_252_breakout,break_even_at_1r,unknown,31,0.12903225806451613,-2.785816129032258,-86.3603
avwap_252_breakout,breakeven_plus_trail,unknown,31,0.45161290322580644,3.079122580645161,95.4528
avwap_252_breakout,chandelier_3x,unknown,31,0.12903225806451613,-1.602306451612903,-49.671499999999995
avwap_252_breakout,class_time_stop,unknown,31,0.6451612903225806,7.7669741935483865,240.7762
avwap_252_breakout,earnings_blackout,unknown,31,0.6129032258064516,-1.5665612903225807,-48.5634
avwap_252_breakout,fixed_4r_2r,unknown,31,0.3548387096774194,3.302909677419355,102.39020000000001
avwap_252_breakout,hybrid_50pct_target,unknown,31,0.7096774193548387,7.615548387096774,236.082
avwap_252_breakout,ma_exit_ema9,unknown,31,0.3548387096774194,-0.6048032258064516,-18.7489
avwap_252_breakout,mfe_lockin_trail,unknown,31,0.25806451612903225,-2.3148999999999997,-71.7619
avwap_252_breakout,multi_tier_partial,unknown,31,0.3870967741935484,-1.4373612903225805,-44.5582
avwap_252_breakout,next_pivot_target,unknown,31,0.6451612903225806,-0.14846451612903233,-4.602400000000002
avwap_252_breakout,r_multiple_2r,unknown,31,0.3225806451612903,0.6619354838709675,20.519999999999992
avwap_252_breakout,r_multiple_3r,unknown,31,0.25806451612903225,1.2614161290322579,39.103899999999996
avwap_252_breakout,regime_flip,unknown,31,0.6129032258064516,0.7381774193548386,22.883499999999998
avwap_252_breakout,reverse_signal,unknown,31,0.25806451612903225,-2.386377419354839,-73.9777
avwap_252_breakout,smc_mitigation_zone,unknown,31,0.25806451612903225,-2.386377419354839,-73.9777
avwap_252_breakout,time_stop_10d,unknown,31,0.5161290322580645,-0.17840967741935448,-5.530699999999989
avwap_252_breakout,time_stop_20d,unknown,31,0.6129032258064516,0.7381774193548386,22.883499999999998
avwap_252_breakout,trailing_10pct,unknown,31,0.3225806451612903,-1.7174548387096775,-53.2411
avwap_252_breakout,trailing_15pct,unknown,31,0.41935483870967744,-0.23496129032258053,-7.283799999999997
avwap_252_breakout,trailing_5pct,unknown,31,0.16129032258064516,-2.4109387096774197,-74.73910000000001
avwap_50_reclaim,atr_trail_1x,unknown,230,0.1826086956521739,-2.487858260869565,-572.2074
avwap_50_reclaim,atr_trail_2x,unknown,230,0.29130434782608694,-2.78903347826087,-641.4777
avwap_50_reclaim,atr_trail_mae_conditional,unknown,230,0.1826086956521739,-2.487858260869565,-572.2074
avwap_50_reclaim,atr_trail_vix_conditional,unknown,230,0.21739130434782608,-2.578871304347826,-593.1404
avwap_50_reclaim,break_even_at_1r,unknown,230,0.1391304347826087,-1.7726921739130435,-407.7192
avwap_50_reclaim,breakeven_plus_trail,unknown,230,0.3869565217391304,0.07612565217391296,17.50889999999998
avwap_50_reclaim,chandelier_3x,unknown,230,0.30434782608695654,-2.8444117391304347,-654.2147
avwap_50_reclaim,class_time_stop,unknown,230,0.4826086956521739,-2.4627895652173915,-566.4416
avwap_50_reclaim,earnings_blackout,unknown,230,0.45217391304347826,-9.263092173913043,-2130.5112
avwap_50_reclaim,fixed_4r_2r,unknown,230,0.28695652173913044,-3.2021165217391303,-736.4868
avwap_50_reclaim,hybrid_50pct_target,unknown,230,0.7,-19.52840782608696,-4491.5338
avwap_50_reclaim,ma_exit_ema9,unknown,230,0.2565217391304348,-1.5573460869565217,-358.1896
avwap_50_reclaim,mfe_lockin_trail,unknown,230,0.18695652173913044,-2.400012608695652,-552.0029
avwap_50_reclaim,multi_tier_partial,unknown,230,0.3347826086956522,-1.99013,-457.7299
avwap_50_reclaim,next_pivot_target,unknown,230,0.6217391304347826,-1.7780047826086958,-408.9411
avwap_50_reclaim,r_multiple_2r,unknown,230,0.2956521739130435,-0.8998895652173914,-206.9746
avwap_50_reclaim,r_multiple_3r,unknown,230,0.1956521739130435,-1.7413134782608695,-400.5021
avwap_50_reclaim,regime_flip,unknown,230,0.5043478260869565,-1.787828260869565,-411.2005
avwap_50_reclaim,reverse_signal,unknown,230,0.1826086956521739,-2.487858260869565,-572.2074
avwap_50_reclaim,smc_mitigation_zone,unknown,230,0.1826086956521739,-2.487858260869565,-572.2074
avwap_50_reclaim,time_stop_10d,unknown,230,0.43478260869565216,-1.301598260869565,-299.3676
avwap_50_reclaim,time_stop_20d,unknown,230,0.5043478260869565,-1.787828260869565,-411.2005
avwap_50_reclaim,trailing_10pct,unknown,230,0.2782608695652174,-2.8537895652173915,-656.3716000000001
avwap_50_reclaim,trailing_15pct,unknown,230,0.34782608695652173,-2.622760434782609,-603.2349
avwap_50_reclaim,trailing_5pct,unknown,230,0.1826086956521739,-2.236391739130435,-514.3701
awesome_oscillator,atr_trail_1x,unknown,33,0.24242424242424243,-2.0505515151515152,-67.6682
awesome_oscillator,atr_trail_2x,unknown,33,0.3333333333333333,-2.7831121212121213,-91.84270000000001
awesome_oscillator,atr_trail_mae_conditional,unknown,33,0.24242424242424243,-2.0505515151515152,-67.6682
awesome_oscillator,atr_trail_vix_conditional,unknown,33,0.24242424242424243,-1.1953151515151514,-39.4454
awesome_oscillator,break_even_at_1r,unknown,33,0.12121212121212122,-1.8140606060606062,-59.864000000000004
awesome_oscillator,breakeven_plus_trail,unknown,33,0.3939393939393939,0.5088939393939393,16.793499999999998
awesome_oscillator,chandelier_3x,unknown,33,0.2727272727272727,-3.4549090909090907,-114.012
awesome_oscillator,class_time_stop,unknown,33,0.3939393939393939,-3.7594424242424247,-124.06160000000001
awesome_oscillator,earnings_blackout,unknown,33,0.48484848484848486,0.7832696969696968,25.847899999999996
awesome_oscillator,fixed_4r_2r,unknown,33,0.24242424242424243,-4.245169696969697,-140.0906
awesome_oscillator,hybrid_50pct_target,unknown,33,0.36363636363636365,-2.442812121212121,-80.6128
awesome_oscillator,ma_exit_ema9,unknown,33,0.2727272727272727,-0.8518727272727272,-28.1118
awesome_oscillator,mfe_lockin_trail,unknown,33,0.24242424242424243,-2.1989424242424245,-72.5651
awesome_oscillator,multi_tier_partial,unknown,33,0.3333333333333333,-1.7143727272727274,-56.5743
awesome_oscillator,next_pivot_target,unknown,33,0.6666666666666666,-0.04167272727272732,-1.3752000000000015
awesome_oscillator,r_multiple_2r,unknown,33,0.24242424242424243,-2.381039393939394,-78.5743
awesome_oscillator,r_multiple_3r,unknown,33,0.21212121212121213,-1.7949878787878788,-59.2346
awesome_oscillator,regime_flip,unknown,33,0.3939393939393939,-3.0630666666666664,-101.0812
awesome_oscillator,reverse_signal,unknown,33,0.24242424242424243,-2.0505515151515152,-67.6682
awesome_oscillator,smc_mitigation_zone,unknown,33,0.24242424242424243,-2.0505515151515152,-67.6682
awesome_oscillator,time_stop_10d,unknown,33,0.3939393939393939,-1.7567393939393943,-57.97240000000001
awesome_oscillator,time_stop_20d,unknown,33,0.3939393939393939,-3.0630666666666664,-101.0812
awesome_oscillator,trailing_10pct,unknown,33,0.3333333333333333,-1.8748454545454545,-61.8699
awesome_oscillator,trailing_15pct,unknown,33,0.3333333333333333,-1.6814696969696972,-55.48850000000001
awesome_oscillator,trailing_5pct,unknown,33,0.30303030303030304,-1.0423848484848486,-34.398700000000005
bollinger_lower,atr_trail_1x,unknown,18,0.2777777777777778,-0.8791277777777778,-15.824300000000001
bollinger_lower,atr_trail_2x,unknown,18,0.2777777777777778,-0.8767888888888886,-15.782199999999996
bollinger_lower,atr_trail_mae_conditional,unknown,18,0.2777777777777778,-0.8791277777777778,-15.824300000000001
bollinger_lower,atr_trail_vix_conditional,unknown,18,0.2222222222222222,-1.5925555555555553,-28.665999999999997
bollinger_lower,break_even_at_1r,unknown,18,0.1111111111111111,-1.7476000000000003,-31.456800000000005
bollinger_lower,breakeven_plus_trail,unknown,18,0.3888888888888889,0.23617777777777793,4.2512000000000025
bollinger_lower,chandelier_3x,unknown,18,0.0,-0.5605,-10.089
bollinger_lower,class_time_stop,unknown,18,0.4444444444444444,3.3886777777777777,60.9962
bollinger_lower,earnings_blackout,unknown,18,0.4444444444444444,-0.4154666666666668,-7.478400000000002
bollinger_lower,fixed_4r_2r,unknown,18,0.3333333333333333,-0.5544833333333334,-9.980700000000002
bollinger_lower,hybrid_50pct_target,unknown,18,0.5,2.868205555555556,51.627700000000004
bollinger_lower,ma_exit_ema9,unknown,18,0.5,1.0863500000000001,19.5543
bollinger_lower,mfe_lockin_trail,unknown,18,0.2777777777777778,-0.6019611111111112,-10.8353
bollinger_lower,multi_tier_partial,unknown,18,0.4444444444444444,-0.29198888888888885,-5.255799999999999
bollinger_lower,next_pivot_target,unknown,18,0.4444444444444444,-1.663,-29.934
bollinger_lower,r_multiple_2r,unknown,18,0.3333333333333333,0.6504777777777779,11.708600000000002
bollinger_lower,r_multiple_3r,unknown,18,0.3333333333333333,2.9062777777777775,52.312999999999995
bollinger_lower,regime_flip,unknown,18,0.4444444444444444,-2.4283333333333332,-43.71
bollinger_lower,reverse_signal,unknown,18,0.4444444444444444,-2.455311111111111,-44.1956
bollinger_lower,smc_mitigation_zone,unknown,18,0.2777777777777778,-0.8791277777777778,-15.824300000000001
bollinger_lower,time_stop_10d,unknown,18,0.5,0.3239944444444445,5.831900000000001
bollinger_lower,time_stop_20d,unknown,18,0.4444444444444444,-2.4283333333333332,-43.71
bollinger_lower,trailing_10pct,unknown,18,0.3333333333333333,-1.4534166666666666,-26.161499999999997
bollinger_lower,trailing_15pct,unknown,18,0.2777777777777778,-2.7215222222222217,-48.987399999999994
bollinger_lower,trailing_5pct,unknown,18,0.16666666666666666,-0.5871111111111111,-10.568
bollinger_tight,atr_trail_1x,unknown,70,0.22857142857142856,-2.20975,-154.6825
bollinger_tight,atr_trail_2x,unknown,70,0.3,-1.0430000000000001,-73.01
bollinger_tight,atr_trail_mae_conditional,unknown,70,0.22857142857142856,-2.20975,-154.6825
bollinger_tight,atr_trail_vix_conditional,unknown,70,0.21428571428571427,-2.774034285714286,-194.1824
bollinger_tight,break_even_at_1r,unknown,70,0.1,-1.8349214285714286,-128.4445
bollinger_tight,breakeven_plus_trail,unknown,70,0.34285714285714286,3.8171399999999998,267.1998
bollinger_tight,chandelier_3x,unknown,70,0.04285714285714286,-0.011628571428571467,-0.8140000000000027
bollinger_tight,class_time_stop,unknown,70,0.5571428571428572,0.11121000000000003,7.784700000000002
bollinger_tight,earnings_blackout,unknown,70,0.44285714285714284,-3.63991,-254.7937
bollinger_tight,fixed_4r_2r,unknown,70,0.3,-1.3364657142857144,-93.5526
bollinger_tight,hybrid_50pct_target,unknown,70,0.4857142857142857,-3.6422885714285718,-254.96020000000001
bollinger_tight,ma_exit_ema9,unknown,70,0.4714285714285714,-0.31390571428571423,-21.973399999999998
bollinger_tight,mfe_lockin_trail,unknown,70,0.24285714285714285,-2.135125714285714,-149.4588
bollinger_tight,multi_tier_partial,unknown,70,0.38571428571428573,-1.7577528571428571,-123.0427
bollinger_tight,next_pivot_target,unknown,70,0.7,-0.23438,-16.4066
bollinger_tight,r_multiple_2r,unknown,70,0.21428571428571427,-2.2138857142857145,-154.972
bollinger_tight,r_multiple_3r,unknown,70,0.15714285714285714,-2.6694485714285716,-186.8614
bollinger_tight,regime_flip,unknown,70,0.42857142857142855,1.5180500000000001,106.26350000000001
bollinger_tight,reverse_signal,unknown,70,0.5,2.0132985714285714,140.9309
bollinger_tight,smc_mitigation_zone,unknown,70,0.22857142857142856,-2.20975,-154.6825
bollinger_tight,time_stop_10d,unknown,70,0.5428571428571428,0.28206285714285734,19.744400000000013
bollinger_tight,time_stop_20d,unknown,70,0.42857142857142855,1.5180500000000001,106.26350000000001
bollinger_tight,trailing_10pct,unknown,70,0.3,-1.525927142857143,-106.81490000000001
bollinger_tight,trailing_15pct,unknown,70,0.2857142857142857,-0.5801600000000001,-40.61120000000001
bollinger_tight,trailing_5pct,unknown,70,0.2,-2.1200685714285714,-148.4048
break_retest_confluence,atr_trail_1x,unknown,28,0.17857142857142858,-2.7534071428571427,-77.0954
break_retest_confluence,atr_trail_2x,unknown,28,0.17857142857142858,-4.3606107142857145,-122.0971
break_retest_confluence,atr_trail_mae_conditional,unknown,28,0.17857142857142858,-2.7534071428571427,-77.0954
break_retest_confluence,atr_trail_vix_conditional,unknown,28,0.17857142857142858,-3.666378571428571,-102.65859999999999
break_retest_confluence,break_even_at_1r,unknown,28,0.07142857142857142,-3.195557142857143,-89.4756
break_retest_confluence,breakeven_plus_trail,unknown,28,0.21428571428571427,-3.577442857142857,-100.1684
break_retest_confluence,chandelier_3x,unknown,28,0.07142857142857142,-5.121446428571429,-143.4005
break_retest_confluence,class_time_stop,unknown,28,0.32142857142857145,-7.295649999999999,-204.27819999999997
break_retest_confluence,earnings_blackout,unknown,28,0.32142857142857145,-13.317971428571427,-372.90319999999997
break_retest_confluence,fixed_4r_2r,unknown,28,0.10714285714285714,-6.696689285714285,-187.5073
break_retest_confluence,hybrid_50pct_target,unknown,28,0.5357142857142857,-22.867646428571426,-640.2941
break_retest_confluence,ma_exit_ema9,unknown,28,0.35714285714285715,-1.0960571428571428,-30.689600000000002
break_retest_confluence,mfe_lockin_trail,unknown,28,0.17857142857142858,-2.6846607142857146,-75.1705
break_retest_confluence,multi_tier_partial,unknown,28,0.35714285714285715,-2.1450035714285716,-60.060100000000006
break_retest_confluence,next_pivot_target,unknown,28,0.6428571428571429,-1.6961928571428573,-47.4934
break_retest_confluence,r_multiple_2r,unknown,28,0.21428571428571427,-2.318460714285714,-64.9169
break_retest_confluence,r_multiple_3r,unknown,28,0.07142857142857142,-3.7833357142857147,-105.9334
break_retest_confluence,regime_flip,unknown,28,0.35714285714285715,-4.750714285714286,-133.02
break_retest_confluence,reverse_signal,unknown,28,0.17857142857142858,-2.7534071428571427,-77.0954
break_retest_confluence,smc_mitigation_zone,unknown,28,0.17857142857142858,-2.7534071428571427,-77.0954
break_retest_confluence,time_stop_10d,unknown,28,0.21428571428571427,-4.2880714285714285,-120.066
break_retest_confluence,time_stop_20d,unknown,28,0.35714285714285715,-4.750714285714286,-133.02
break_retest_confluence,trailing_10pct,unknown,28,0.14285714285714285,-4.240692857142857,-118.7394
break_retest_confluence,trailing_15pct,unknown,28,0.10714285714285714,-8.277014285714285,-231.7564
break_retest_confluence,trailing_5pct,unknown,28,0.14285714285714285,-2.830914285714286,-79.2656
break_retest_volume,atr_trail_1x,unknown,50,0.3,-1.109466,-55.4733
break_retest_volume,atr_trail_2x,unknown,50,0.32,-0.682782,-34.1391
break_retest_volume,atr_trail_mae_conditional,unknown,50,0.3,-1.109466,-55.4733
break_retest_volume,atr_trail_vix_conditional,unknown,50,0.26,-1.6668440000000002,-83.3422
break_retest_volume,break_even_at_1r,unknown,50,0.12,-0.9442240000000001,-47.211200000000005
break_retest_volume,breakeven_plus_trail,unknown,50,0.3,3.4182,170.91
break_retest_volume,chandelier_3x,unknown,50,0.3,-1.5175640000000001,-75.8782
break_retest_volume,class_time_stop,unknown,50,0.4,-3.8441819999999995,-192.20909999999998
break_retest_volume,earnings_blackout,unknown,50,0.42,14.795316,739.7658
break_retest_volume,fixed_4r_2r,unknown,50,0.3,-1.377572,-68.8786
break_retest_volume,hybrid_50pct_target,unknown,50,0.42,-2.22644,-111.322
break_retest_volume,ma_exit_ema9,unknown,50,0.28,0.2959140000000001,14.795700000000005
break_retest_volume,mfe_lockin_trail,unknown,50,0.3,-1.110214,-55.5107
break_retest_volume,multi_tier_partial,unknown,50,0.4,-1.04263,-52.131499999999996
break_retest_volume,next_pivot_target,unknown,50,0.74,-0.51937,-25.9685
break_retest_volume,r_multiple_2r,unknown,50,0.3,-0.604258,-30.212899999999998
break_retest_volume,r_multiple_3r,unknown,50,0.24,-0.609358,-30.4679
break_retest_volume,regime_flip,unknown,50,0.44,-1.256404,-62.8202
break_retest_volume,reverse_signal,unknown,50,0.3,-1.109466,-55.4733
break_retest_volume,smc_mitigation_zone,unknown,50,0.3,-1.109466,-55.4733
break_retest_volume,time_stop_10d,unknown,50,0.48,-0.8513480000000002,-42.56740000000001
break_retest_volume,time_stop_20d,unknown,50,0.44,-1.256404,-62.8202
break_retest_volume,trailing_10pct,unknown,50,0.28,-1.86989,-93.4945
break_retest_volume,trailing_15pct,unknown,50,0.28,1.8607899999999997,93.03949999999999
break_retest_volume,trailing_5pct,unknown,50,0.28,-1.283364,-64.1682
bullish_engulfing_support,atr_trail_1x,unknown,8,0.125,-4.0397125,-32.3177
bullish_engulfing_support,atr_trail_2x,unknown,8,0.125,-6.4105125,-51.2841
bullish_engulfing_support,atr_trail_mae_conditional,unknown,8,0.125,-4.0397125,-32.3177
bullish_engulfing_support,atr_trail_vix_conditional,unknown,8,0.125,-3.467275,-27.7382
bullish_engulfing_support,break_even_at_1r,unknown,8,0.125,-4.782425,-38.2594
bullish_engulfing_support,breakeven_plus_trail,unknown,8,0.5,-0.7740624999999999,-6.192499999999999
bullish_engulfing_support,chandelier_3x,unknown,8,0.125,-1.6720250000000003,-13.376200000000003
bullish_engulfing_support,class_time_stop,unknown,8,0.25,-4.194425000000001,-33.555400000000006
bullish_engulfing_support,earnings_blackout,unknown,8,0.5,-2.4949125,-19.9593
bullish_engulfing_support,fixed_4r_2r,unknown,8,0.125,-7.271775,-58.1742
bullish_engulfing_support,hybrid_50pct_target,unknown,8,0.75,-38.3990625,-307.1925
bullish_engulfing_support,ma_exit_ema9,unknown,8,0.25,-0.1904375000000001,-1.5235000000000007
bullish_engulfing_support,mfe_lockin_trail,unknown,8,0.125,-4.0397125,-32.3177
bullish_engulfing_support,multi_tier_partial,unknown,8,0.125,-3.2415000000000003,-25.932000000000002
bullish_engulfing_support,next_pivot_target,unknown,8,0.625,-3.49545,-27.9636
bullish_engulfing_support,r_multiple_2r,unknown,8,0.125,-4.185825,-33.4866
bullish_engulfing_support,r_multiple_3r,unknown,8,0.125,-3.783175,-30.2654
bullish_engulfing_support,regime_flip,unknown,8,0.375,-1.8502625000000001,-14.802100000000001
bullish_engulfing_support,reverse_signal,unknown,8,0.125,-4.0397125,-32.3177
bullish_engulfing_support,smc_mitigation_zone,unknown,8,0.125,-4.0397125,-32.3177
bullish_engulfing_support,time_stop_10d,unknown,8,0.375,-2.346475,-18.7718
bullish_engulfing_support,time_stop_20d,unknown,8,0.375,-1.8502625000000001,-14.802100000000001
bullish_engulfing_support,trailing_10pct,unknown,8,0.375,-3.9756500000000004,-31.805200000000003
bullish_engulfing_support,trailing_15pct,unknown,8,0.25,-6.648075,-53.1846
bullish_engulfing_support,trailing_5pct,unknown,8,0.125,-4.27965,-34.2372
buyback_8k_recent_long,atr_trail_1x,unknown,46,0.2608695652173913,-2.0332934782608696,-93.53150000000001
buyback_8k_recent_long,atr_trail_2x,unknown,46,0.43478260869565216,1.1440869565217393,52.62800000000001
buyback_8k_recent_long,atr_trail_mae_conditional,unknown,46,0.2608695652173913,-2.0332934782608696,-93.53150000000001
buyback_8k_recent_long,atr_trail_vix_conditional,unknown,46,0.2826086956521739,-1.9435978260869566,-89.4055
buyback_8k_recent_long,break_even_at_1r,unknown,46,0.10869565217391304,-2.1888565217391305,-100.6874
buyback_8k_recent_long,breakeven_plus_trail,unknown,46,0.4782608695652174,8.134797826086956,374.2007
buyback_8k_recent_long,chandelier_3x,unknown,46,0.34782608695652173,2.7985891304347823,128.7351
buyback_8k_recent_long,class_time_stop,unknown,46,0.5652173913043478,4.425876086956522,203.59029999999998
buyback_8k_recent_long,earnings_blackout,unknown,46,0.5,5.629623913043478,258.9627
buyback_8k_recent_long,fixed_4r_2r,unknown,46,0.45652173913043476,4.062328260869565,186.8671
buyback_8k_recent_long,hybrid_50pct_target,unknown,46,0.45652173913043476,2.301636956521739,105.8753
buyback_8k_recent_long,ma_exit_ema9,unknown,46,0.41304347826086957,0.8415326086956524,38.71050000000001
buyback_8k_recent_long,mfe_lockin_trail,unknown,46,0.2608695652173913,-1.6774608695652176,-77.1632
buyback_8k_recent_long,multi_tier_partial,unknown,46,0.43478260869565216,-1.2280608695652173,-56.4908
buyback_8k_recent_long,next_pivot_target,unknown,46,0.6521739130434783,0.8231804347826087,37.8663
buyback_8k_recent_long,r_multiple_2r,unknown,46,0.32608695652173914,-0.5171108695652175,-23.787100000000002
buyback_8k_recent_long,r_multiple_3r,unknown,46,0.30434782608695654,0.1446847826086958,6.655500000000007
buyback_8k_recent_long,regime_flip,unknown,46,0.5217391304347826,3.8796413043478264,178.4635
buyback_8k_recent_long,reverse_signal,unknown,46,0.2608695652173913,-2.0332934782608696,-93.53150000000001
buyback_8k_recent_long,smc_mitigation_zone,unknown,46,0.2608695652173913,-2.0332934782608696,-93.53150000000001
buyback_8k_recent_long,time_stop_10d,unknown,46,0.5434782608695652,1.1869739130434782,54.6008
buyback_8k_recent_long,time_stop_20d,unknown,46,0.5217391304347826,3.8796413043478264,178.4635
buyback_8k_recent_long,trailing_10pct,unknown,46,0.34782608695652173,0.5448760869565217,25.064299999999996
buyback_8k_recent_long,trailing_15pct,unknown,46,0.30434782608695654,2.1516108695652174,98.9741
buyback_8k_recent_long,trailing_5pct,unknown,46,0.21739130434782608,-1.4816326086956522,-68.1551
camarilla_r3_breakout,atr_trail_1x,unknown,51,0.21568627450980393,-2.712849019607843,-138.3553
camarilla_r3_breakout,atr_trail_2x,unknown,51,0.43137254901960786,1.464862745098039,74.70799999999998
camarilla_r3_breakout,atr_trail_mae_conditional,unknown,51,0.21568627450980393,-2.712849019607843,-138.3553
camarilla_r3_breakout,atr_trail_vix_conditional,unknown,51,0.35294117647058826,-0.3441568627450978,-17.55199999999999
camarilla_r3_breakout,break_even_at_1r,unknown,51,0.13725490196078433,-1.5283117647058821,-77.94389999999999
camarilla_r3_breakout,breakeven_plus_trail,unknown,51,0.5098039215686274,5.317464705882353,271.1907
camarilla_r3_breakout,chandelier_3x,unknown,51,0.17647058823529413,2.4869274509803923,126.8333
camarilla_r3_breakout,class_time_stop,unknown,51,0.5490196078431373,-0.18771764705882357,-9.573600000000003
camarilla_r3_breakout,earnings_blackout,unknown,51,0.5294117647058824,11.169733333333333,569.6564
camarilla_r3_breakout,fixed_4r_2r,unknown,51,0.4117647058823529,2.876811764705882,146.7174
camarilla_r3_breakout,hybrid_50pct_target,unknown,51,0.5882352941176471,4.192258823529412,213.80519999999999
camarilla_r3_breakout,ma_exit_ema9,unknown,51,0.3333333333333333,-0.3186450980392157,-16.2509
camarilla_r3_breakout,mfe_lockin_trail,unknown,51,0.21568627450980393,-2.520909803921569,-128.56640000000002
camarilla_r3_breakout,multi_tier_partial,unknown,51,0.35294117647058826,-2.1341647058823527,-108.8424
camarilla_r3_breakout,next_pivot_target,unknown,51,0.5686274509803921,0.6631509803921569,33.8207
camarilla_r3_breakout,r_multiple_2r,unknown,51,0.3333333333333333,-0.6706980392156862,-34.2056
camarilla_r3_breakout,r_multiple_3r,unknown,51,0.27450980392156865,0.7334078431372552,37.40380000000001
camarilla_r3_breakout,regime_flip,unknown,51,0.5098039215686274,-2.762498039215686,-140.88739999999999
camarilla_r3_breakout,reverse_signal,unknown,51,0.21568627450980393,-2.712849019607843,-138.3553
camarilla_r3_breakout,smc_mitigation_zone,unknown,51,0.21568627450980393,-2.712849019607843,-138.3553
camarilla_r3_breakout,time_stop_10d,unknown,51,0.43137254901960786,-1.1098313725490196,-56.6014
camarilla_r3_breakout,time_stop_20d,unknown,51,0.5098039215686274,-2.762498039215686,-140.88739999999999
camarilla_r3_breakout,trailing_10pct,unknown,51,0.21568627450980393,-1.3335,-68.0085
camarilla_r3_breakout,trailing_15pct,unknown,51,0.45098039215686275,4.393545098039216,224.07080000000002
camarilla_r3_breakout,trailing_5pct,unknown,51,0.17647058823529413,-1.3770882352941176,-70.2315
cmf_flip,atr_trail_1x,unknown,114,0.22807017543859648,-1.9228710526315789,-219.2073
cmf_flip,atr_trail_2x,unknown,114,0.37719298245614036,0.7114359649122808,81.1037
cmf_flip,atr_trail_mae_conditional,unknown,114,0.22807017543859648,-1.9228710526315789,-219.2073
cmf_flip,atr_trail_vix_conditional,unknown,114,0.2631578947368421,-1.3491368421052632,-153.8016
cmf_flip,break_even_at_1r,unknown,114,0.15789473684210525,-1.1195666666666666,-127.6306
cmf_flip,breakeven_plus_trail,unknown,114,0.4298245614035088,4.12605701754386,470.37050000000005
cmf_flip,chandelier_3x,unknown,114,0.13157894736842105,-0.33814736842105264,-38.5488
cmf_flip,class_time_stop,unknown,114,0.5350877192982456,1.1329815789473683,129.1599
cmf_flip,earnings_blackout,unknown,114,0.5789473684210527,15.014907894736842,1711.6995
cmf_flip,fixed_4r_2r,unknown,114,0.40350877192982454,2.033571052631579,231.8271
cmf_flip,hybrid_50pct_target,unknown,114,0.6140350877192983,4.218602631578947,480.9207
cmf_flip,ma_exit_ema9,unknown,114,0.34210526315789475,0.1005394736842105,11.461499999999997
cmf_flip,mfe_lockin_trail,unknown,114,0.22807017543859648,-1.9093666666666667,-217.6678
cmf_flip,multi_tier_partial,unknown,114,0.43859649122807015,-1.2302140350877193,-140.2444
cmf_flip,next_pivot_target,unknown,114,0.7456140350877193,0.6468508771929824,73.741
cmf_flip,r_multiple_2r,unknown,114,0.37719298245614036,0.7634657894736844,87.03510000000001
cmf_flip,r_multiple_3r,unknown,114,0.2894736842105263,0.6164473684210526,70.275
cmf_flip,regime_flip,unknown,114,0.5350877192982456,1.830838596491228,208.7156
cmf_flip,reverse_signal,unknown,114,0.22807017543859648,-1.9228710526315789,-219.2073
cmf_flip,smc_mitigation_zone,unknown,114,0.22807017543859648,-1.9228710526315789,-219.2073
cmf_flip,time_stop_10d,unknown,114,0.49122807017543857,0.455180701754386,51.890600000000006
cmf_flip,time_stop_20d,unknown,114,0.5350877192982456,1.830838596491228,208.7156
cmf_flip,trailing_10pct,unknown,114,0.37719298245614036,0.5000929824561404,57.01060000000001
cmf_flip,trailing_15pct,unknown,114,0.37719298245614036,0.36748070175438596,41.8928
cmf_flip,trailing_5pct,unknown,114,0.21929824561403508,-1.4422947368421053,-164.4216
cpr_narrow_bullish,atr_trail_1x,unknown,407,0.25552825552825553,-2.3777675675675676,-967.7514
cpr_narrow_bullish,atr_trail_2x,unknown,407,0.3415233415233415,-1.8790378378378378,-764.7684
cpr_narrow_bullish,atr_trail_mae_conditional,unknown,407,0.25552825552825553,-2.3777675675675676,-967.7514
cpr_narrow_bullish,atr_trail_vix_conditional,unknown,407,0.25061425061425063,-2.145714742014742,-873.3059000000001
cpr_narrow_bullish,break_even_at_1r,unknown,407,0.17444717444717445,-2.053432923832924,-835.7472
cpr_narrow_bullish,breakeven_plus_trail,unknown,407,0.3882063882063882,1.6986083538083536,691.3335999999999
cpr_narrow_bullish,chandelier_3x,unknown,407,0.29484029484029484,-2.183040294840295,-888.4974
cpr_narrow_bullish,class_time_stop,unknown,407,0.4520884520884521,-0.3797911547911548,-154.575
cpr_narrow_bullish,earnings_blackout,unknown,407,0.47665847665847666,-3.9070496314496315,-1590.1692
cpr_narrow_bullish,fixed_4r_2r,unknown,407,0.3366093366093366,-1.9719,-802.5633
cpr_narrow_bullish,hybrid_50pct_target,unknown,407,0.6068796068796068,-12.174330466830467,-4954.9525
cpr_narrow_bullish,ma_exit_ema9,unknown,407,0.28746928746928746,-0.8163673218673219,-332.2615
cpr_narrow_bullish,mfe_lockin_trail,unknown,407,0.25552825552825553,-2.341586732186732,-953.0258
cpr_narrow_bullish,multi_tier_partial,unknown,407,0.36609336609336607,-1.9860508599508602,-808.3227
cpr_narrow_bullish,next_pivot_target,unknown,407,0.687960687960688,-1.7221012285012287,-700.8952
cpr_narrow_bullish,r_multiple_2r,unknown,407,0.3022113022113022,-1.2148754299754299,-494.4543
cpr_narrow_bullish,r_multiple_3r,unknown,407,0.23587223587223588,-1.1938759213759214,-485.9075
cpr_narrow_bullish,regime_flip,unknown,407,0.48157248157248156,-0.6760491400491402,-275.15200000000004
cpr_narrow_bullish,reverse_signal,unknown,407,0.25552825552825553,-2.3777675675675676,-967.7514
cpr_narrow_bullish,smc_mitigation_zone,unknown,407,0.25552825552825553,-2.3777675675675676,-967.7514
cpr_narrow_bullish,time_stop_10d,unknown,407,0.48402948402948404,-0.289353316953317,-117.76680000000002
cpr_narrow_bullish,time_stop_20d,unknown,407,0.48157248157248156,-0.6760491400491402,-275.15200000000004
cpr_narrow_bullish,trailing_10pct,unknown,407,0.3194103194103194,-1.6690896805896807,-679.3195000000001
cpr_narrow_bullish,trailing_15pct,unknown,407,0.37346437346437344,-0.4612378378378378,-187.72379999999998
cpr_narrow_bullish,trailing_5pct,unknown,407,0.22604422604422605,-2.348109336609337,-955.6805
cpr_narrow_momentum,atr_trail_1x,unknown,44,0.20454545454545456,-1.8141977272727274,-79.8247
cpr_narrow_momentum,atr_trail_2x,unknown,44,0.3409090909090909,-0.5992090909090909,-26.365199999999998
cpr_narrow_momentum,atr_trail_mae_conditional,unknown,44,0.20454545454545456,-1.8141977272727274,-79.8247
cpr_narrow_momentum,atr_trail_vix_conditional,unknown,44,0.22727272727272727,-2.0821977272727272,-91.6167
cpr_narrow_momentum,break_even_at_1r,unknown,44,0.22727272727272727,-1.2471022727272727,-54.8725
cpr_narrow_momentum,breakeven_plus_trail,unknown,44,0.38636363636363635,0.7210431818181818,31.725900000000003
cpr_narrow_momentum,chandelier_3x,unknown,44,0.1590909090909091,-2.1023477272727273,-92.5033
cpr_narrow_momentum,class_time_stop,unknown,44,0.4090909090909091,-0.5484954545454547,-24.133800000000004
cpr_narrow_momentum,earnings_blackout,unknown,44,0.45454545454545453,-14.699168181818182,-646.7634
cpr_narrow_momentum,fixed_4r_2r,unknown,44,0.29545454545454547,-1.5764045454545454,-69.3618
cpr_narrow_momentum,hybrid_50pct_target,unknown,44,0.75,-11.519040909090908,-506.83779999999996
cpr_narrow_momentum,ma_exit_ema9,unknown,44,0.22727272727272727,-0.2354068181818182,-10.3579
cpr_narrow_momentum,mfe_lockin_trail,unknown,44,0.22727272727272727,-1.9459931818181817,-85.6237
cpr_narrow_momentum,multi_tier_partial,unknown,44,0.29545454545454547,-1.5285022727272726,-67.2541
cpr_narrow_momentum,next_pivot_target,unknown,44,0.7272727272727273,-1.1021568181818182,-48.4949
cpr_narrow_momentum,r_multiple_2r,unknown,44,0.2727272727272727,-1.0064272727272727,-44.2828
cpr_narrow_momentum,r_multiple_3r,unknown,44,0.25,0.007022727272727405,0.3090000000000058
cpr_narrow_momentum,regime_flip,unknown,44,0.4772727272727273,-0.03816363636363622,-1.6791999999999936
cpr_narrow_momentum,reverse_signal,unknown,44,0.20454545454545456,-1.8141977272727274,-79.8247
cpr_narrow_momentum,smc_mitigation_zone,unknown,44,0.20454545454545456,-1.8141977272727274,-79.8247
cpr_narrow_momentum,time_stop_10d,unknown,44,0.4318181818181818,-0.10416818181818178,-4.583399999999998
cpr_narrow_momentum,time_stop_20d,unknown,44,0.4772727272727273,-0.03816363636363622,-1.6791999999999936
cpr_narrow_momentum,trailing_10pct,unknown,44,0.3409090909090909,-1.2463954545454545,-54.8414
cpr_narrow_momentum,trailing_15pct,unknown,44,0.3409090909090909,-2.3117522727272726,-101.7171
cpr_narrow_momentum,trailing_5pct,unknown,44,0.20454545454545456,-1.8134204545454544,-79.7905
cpr_narrow_momentum_short,atr_trail_1x,unknown,22,0.18181818181818182,-2.4585954545454545,-54.0891
cpr_narrow_momentum_short,atr_trail_2x,unknown,22,0.13636363636363635,-5.4059954545454545,-118.9319
cpr_narrow_momentum_short,atr_trail_mae_conditional,unknown,22,0.18181818181818182,-2.4585954545454545,-54.0891
cpr_narrow_momentum_short,atr_trail_vix_conditional,unknown,22,0.18181818181818182,-3.310172727272727,-72.82379999999999
cpr_narrow_momentum_short,break_even_at_1r,unknown,22,0.0,-3.146527272727273,-69.2236
cpr_narrow_momentum_short,breakeven_plus_trail,unknown,22,0.18181818181818182,-4.585377272727272,-100.8783
cpr_narrow_momentum_short,chandelier_3x,unknown,22,0.13636363636363635,-5.060704545454545,-111.3355
cpr_narrow_momentum_short,class_time_stop,unknown,22,0.22727272727272727,-9.639404545454546,-212.0669
cpr_narrow_momentum_short,earnings_blackout,unknown,22,0.22727272727272727,-8.968990909090909,-197.3178
cpr_narrow_momentum_short,fixed_4r_2r,unknown,22,0.13636363636363635,-5.560286363636364,-122.3263
cpr_narrow_momentum_short,hybrid_50pct_target,unknown,22,0.7272727272727273,-33.835786363636366,-744.3873
cpr_narrow_momentum_short,ma_exit_ema9,unknown,22,0.13636363636363635,-2.3162136363636363,-50.9567
cpr_narrow_momentum_short,mfe_lockin_trail,unknown,22,0.18181818181818182,-2.3822681818181817,-52.4099
cpr_narrow_momentum_short,multi_tier_partial,unknown,22,0.2727272727272727,-2.068881818181818,-45.5154
cpr_narrow_momentum_short,next_pivot_target,unknown,22,0.6818181818181818,-1.4379545454545453,-31.634999999999998
cpr_narrow_momentum_short,r_multiple_2r,unknown,22,0.18181818181818182,-2.277359090909091,-50.1019
cpr_narrow_momentum_short,r_multiple_3r,unknown,22,0.13636363636363635,-2.6200681818181817,-57.6415
cpr_narrow_momentum_short,regime_flip,unknown,22,0.2727272727272727,-6.654381818181818,-146.3964
cpr_narrow_momentum_short,reverse_signal,unknown,22,0.18181818181818182,-2.4585954545454545,-54.0891
cpr_narrow_momentum_short,smc_mitigation_zone,unknown,22,0.18181818181818182,-2.4585954545454545,-54.0891
cpr_narrow_momentum_short,time_stop_10d,unknown,22,0.22727272727272727,-4.068254545454545,-89.5016
cpr_narrow_momentum_short,time_stop_20d,unknown,22,0.2727272727272727,-6.654381818181818,-146.3964
cpr_narrow_momentum_short,trailing_10pct,unknown,22,0.18181818181818182,-4.845704545454546,-106.6055
cpr_narrow_momentum_short,trailing_15pct,unknown,22,0.18181818181818182,-7.874886363636364,-173.2475
cpr_narrow_momentum_short,trailing_5pct,unknown,22,0.18181818181818182,-2.81365,-61.9003
double_bottom_long,atr_trail_1x,unknown,10,0.2,-1.58167,-15.816699999999999
double_bottom_long,atr_trail_2x,unknown,10,0.1,-4.84048,-48.4048
double_bottom_long,atr_trail_mae_conditional,unknown,10,0.2,-1.58167,-15.816699999999999
double_bottom_long,atr_trail_vix_conditional,unknown,10,0.2,-2.5100299999999995,-25.100299999999997
double_bottom_long,break_even_at_1r,unknown,10,0.0,-1.7630499999999998,-17.630499999999998
double_bottom_long,breakeven_plus_trail,unknown,10,0.1,-4.2865899999999995,-42.865899999999996
double_bottom_long,chandelier_3x,unknown,10,0.0,-3.72548,-37.2548
double_bottom_long,class_time_stop,unknown,10,0.1,-6.8118300000000005,-68.1183
double_bottom_long,earnings_blackout,unknown,10,0.5,18.65024,186.5024
double_bottom_long,fixed_4r_2r,unknown,10,0.1,-5.09098,-50.909800000000004
double_bottom_long,hybrid_50pct_target,unknown,10,0.1,-7.57846,-75.7846
double_bottom_long,ma_exit_ema9,unknown,10,0.4,-0.6653800000000001,-6.6538
double_bottom_long,mfe_lockin_trail,unknown,10,0.2,-1.58167,-15.816699999999999
double_bottom_long,multi_tier_partial,unknown,10,0.5,-0.5402899999999999,-5.402899999999999
double_bottom_long,next_pivot_target,unknown,10,0.6,-1.50293,-15.029300000000001
double_bottom_long,r_multiple_2r,unknown,10,0.1,-3.8693799999999996,-38.693799999999996
double_bottom_long,r_multiple_3r,unknown,10,0.1,-3.6263999999999994,-36.263999999999996
double_bottom_long,regime_flip,unknown,10,0.1,-4.88143,-48.8143
double_bottom_long,reverse_signal,unknown,10,0.2,-1.58167,-15.816699999999999
double_bottom_long,smc_mitigation_zone,unknown,10,0.2,-1.58167,-15.816699999999999
double_bottom_long,time_stop_10d,unknown,10,0.2,-3.31787,-33.1787
double_bottom_long,time_stop_20d,unknown,10,0.1,-4.88143,-48.8143
double_bottom_long,trailing_10pct,unknown,10,0.2,-5.78843,-57.884299999999996
double_bottom_long,trailing_15pct,unknown,10,0.1,-8.955580000000001,-89.5558
double_bottom_long,trailing_5pct,unknown,10,0.1,-2.48748,-24.8748
force_index_breakout,atr_trail_1x,unknown,112,0.17857142857142858,-1.6888616071428573,-189.1525
force_index_breakout,atr_trail_2x,unknown,112,0.33035714285714285,-1.984932142857143,-222.3124
force_index_breakout,atr_trail_mae_conditional,unknown,112,0.17857142857142858,-1.6888616071428573,-189.1525
force_index_breakout,atr_trail_vix_conditional,unknown,112,0.21428571428571427,-1.437633035714286,-161.0149
force_index_breakout,break_even_at_1r,unknown,112,0.125,-1.6095035714285715,-180.2644
force_index_breakout,breakeven_plus_trail,unknown,112,0.4017857142857143,1.95295625,218.7311
force_index_breakout,chandelier_3x,unknown,112,0.25,-2.5583160714285715,-286.5314
force_index_breakout,class_time_stop,unknown,112,0.5535714285714286,-1.4041758928571428,-157.2677
force_index_breakout,earnings_blackout,unknown,112,0.5089285714285714,-3.2246366071428576,-361.15930000000003
force_index_breakout,fixed_4r_2r,unknown,112,0.39285714285714285,0.3798276785714286,42.5407
force_index_breakout,hybrid_50pct_target,unknown,112,0.6607142857142857,-8.886533928571428,-995.2918
force_index_breakout,ma_exit_ema9,unknown,112,0.30357142857142855,-1.4132142857142855,-158.27999999999997
force_index_breakout,mfe_lockin_trail,unknown,112,0.17857142857142858,-1.5754714285714286,-176.4528
force_index_breakout,multi_tier_partial,unknown,112,0.42857142857142855,-1.2532901785714288,-140.3685
force_index_breakout,next_pivot_target,unknown,112,0.625,0.44615178571428565,49.968999999999994
force_index_breakout,r_multiple_2r,unknown,112,0.3482142857142857,-0.8079169642857142,-90.4867
force_index_breakout,r_multiple_3r,unknown,112,0.29464285714285715,-0.6673330357142857,-74.7413
force_index_breakout,regime_flip,unknown,112,0.5535714285714286,-0.8775410714285715,-98.28460000000001
force_index_breakout,reverse_signal,unknown,112,0.17857142857142858,-1.6888616071428573,-189.1525
force_index_breakout,smc_mitigation_zone,unknown,112,0.17857142857142858,-1.6888616071428573,-189.1525
force_index_breakout,time_stop_10d,unknown,112,0.5,-2.277750892857143,-255.1081
force_index_breakout,time_stop_20d,unknown,112,0.5535714285714286,-0.8775410714285715,-98.28460000000001
force_index_breakout,trailing_10pct,unknown,112,0.33035714285714285,-1.6208687499999999,-181.5373
force_index_breakout,trailing_15pct,unknown,112,0.38392857142857145,-1.0965607142857146,-122.81480000000002
force_index_breakout,trailing_5pct,unknown,112,0.22321428571428573,-1.5087133928571428,-168.9759
golden_cross_9_21,atr_trail_1x,unknown,17,0.35294117647058826,0.2899411764705883,4.929000000000001
golden_cross_9_21,atr_trail_2x,unknown,17,0.29411764705882354,-1.9384176470588235,-32.9531
golden_cross_9_21,atr_trail_mae_conditional,unknown,17,0.35294117647058826,0.2899411764705883,4.929000000000001
golden_cross_9_21,atr_trail_vix_conditional,unknown,17,0.23529411764705882,-0.9864823529411764,-16.7702
golden_cross_9_21,break_even_at_1r,unknown,17,0.17647058823529413,-0.6365352941176472,-10.821100000000003
golden_cross_9_21,breakeven_plus_trail,unknown,17,0.4117647058823529,2.4880999999999998,42.2977
golden_cross_9_21,chandelier_3x,unknown,17,0.23529411764705882,-2.1587117647058824,-36.698100000000004
golden_cross_9_21,class_time_stop,unknown,17,0.5882352941176471,3.4900764705882352,59.3313
golden_cross_9_21,earnings_blackout,unknown,17,0.5882352941176471,8.227817647058824,139.87290000000002
golden_cross_9_21,fixed_4r_2r,unknown,17,0.35294117647058826,1.7842529411764707,30.332300000000004
golden_cross_9_21,hybrid_50pct_target,unknown,17,0.5882352941176471,3.3899764705882354,57.6296
golden_cross_9_21,ma_exit_ema9,unknown,17,0.4117647058823529,0.06464705882352939,1.0989999999999998
golden_cross_9_21,mfe_lockin_trail,unknown,17,0.35294117647058826,0.6293882352941179,10.699600000000004
golden_cross_9_21,multi_tier_partial,unknown,17,0.47058823529411764,-0.36118823529411775,-6.140200000000002
golden_cross_9_21,next_pivot_target,unknown,17,0.6470588235294118,2.4677352941176474,41.9515
golden_cross_9_21,r_multiple_2r,unknown,17,0.35294117647058826,1.264517647058824,21.496800000000007
golden_cross_9_21,r_multiple_3r,unknown,17,0.23529411764705882,-0.9922470588235293,-16.868199999999998
golden_cross_9_21,regime_flip,unknown,17,0.47058823529411764,1.8061117647058822,30.703899999999997
golden_cross_9_21,reverse_signal,unknown,17,0.35294117647058826,0.2899411764705883,4.929000000000001
golden_cross_9_21,smc_mitigation_zone,unknown,17,0.35294117647058826,0.2899411764705883,4.929000000000001
golden_cross_9_21,time_stop_10d,unknown,17,0.7058823529411765,4.208029411764706,71.5365
golden_cross_9_21,time_stop_20d,unknown,17,0.47058823529411764,1.8061117647058822,30.703899999999997
golden_cross_9_21,trailing_10pct,unknown,17,0.29411764705882354,-1.5384647058823528,-26.1539
golden_cross_9_21,trailing_15pct,unknown,17,0.29411764705882354,-3.333364705882353,-56.6672
golden_cross_9_21,trailing_5pct,unknown,17,0.23529411764705882,-1.4118588235294118,-24.0016
htf_aligned_breakout_long,atr_trail_1x,unknown,28,0.14285714285714285,-2.4473535714285717,-68.52590000000001
htf_aligned_breakout_long,atr_trail_2x,unknown,28,0.35714285714285715,-1.1973178571428573,-33.5249
htf_aligned_breakout_long,atr_trail_mae_conditional,unknown,28,0.14285714285714285,-2.4473535714285717,-68.52590000000001
htf_aligned_breakout_long,atr_trail_vix_conditional,unknown,28,0.21428571428571427,-1.9386785714285715,-54.283
htf_aligned_breakout_long,break_even_at_1r,unknown,28,0.10714285714285714,-1.5518678571428572,-43.4523
htf_aligned_breakout_long,breakeven_plus_trail,unknown,28,0.35714285714285715,2.351032142857143,65.8289
htf_aligned_breakout_long,chandelier_3x,unknown,28,0.32142857142857145,-1.6521714285714286,-46.2608
htf_aligned_breakout_long,class_time_stop,unknown,28,0.5357142857142857,1.8539178571428576,51.909700000000015
htf_aligned_breakout_long,earnings_blackout,unknown,28,0.5,12.017060714285716,336.4777
htf_aligned_breakout_long,fixed_4r_2r,unknown,28,0.2857142857142857,-0.7781035714285716,-21.786900000000003
htf_aligned_breakout_long,hybrid_50pct_target,unknown,28,0.5357142857142857,0.7007785714285715,19.6218
htf_aligned_breakout_long,ma_exit_ema9,unknown,28,0.39285714285714285,0.4164714285714289,11.661200000000008
htf_aligned_breakout_long,mfe_lockin_trail,unknown,28,0.14285714285714285,-2.4394714285714287,-68.3052
htf_aligned_breakout_long,multi_tier_partial,unknown,28,0.42857142857142855,-1.2346857142857142,-34.5712
htf_aligned_breakout_long,next_pivot_target,unknown,28,0.5,-1.5936749999999997,-44.622899999999994
htf_aligned_breakout_long,r_multiple_2r,unknown,28,0.35714285714285715,0.06928928571428573,1.9401000000000004
htf_aligned_breakout_long,r_multiple_3r,unknown,28,0.25,-0.1570035714285715,-4.3961000000000015
htf_aligned_breakout_long,regime_flip,unknown,28,0.42857142857142855,-0.2567964285714287,-7.190300000000004
htf_aligned_breakout_long,reverse_signal,unknown,28,0.14285714285714285,-2.4473535714285717,-68.52590000000001
htf_aligned_breakout_long,smc_mitigation_zone,unknown,28,0.14285714285714285,-2.4473535714285717,-68.52590000000001
htf_aligned_breakout_long,time_stop_10d,unknown,28,0.6071428571428571,2.388714285714286,66.884
htf_aligned_breakout_long,time_stop_20d,unknown,28,0.42857142857142855,-0.2567964285714287,-7.190300000000004
htf_aligned_breakout_long,trailing_10pct,unknown,28,0.2857142857142857,-2.595142857142857,-72.664
htf_aligned_breakout_long,trailing_15pct,unknown,28,0.39285714285714285,-2.408360714285714,-67.4341
htf_aligned_breakout_long,trailing_5pct,unknown,28,0.25,-2.311917857142857,-64.7337
htf_aligned_breakout_short,atr_trail_1x,unknown,63,0.19047619047619047,-2.7726555555555557,-174.6773
htf_aligned_breakout_short,atr_trail_2x,unknown,63,0.23809523809523808,-3.901952380952381,-245.82299999999998
htf_aligned_breakout_short,atr_trail_mae_conditional,unknown,63,0.19047619047619047,-2.7726555555555557,-174.6773
htf_aligned_breakout_short,atr_trail_vix_conditional,unknown,63,0.19047619047619047,-3.0859825396825395,-194.4169
htf_aligned_breakout_short,break_even_at_1r,unknown,63,0.12698412698412698,-3.0367968253968254,-191.3182
htf_aligned_breakout_short,breakeven_plus_trail,unknown,63,0.36507936507936506,-0.14668412698412725,-9.241100000000017
htf_aligned_breakout_short,chandelier_3x,unknown,63,0.2222222222222222,-4.141857142857143,-260.937
htf_aligned_breakout_short,class_time_stop,unknown,63,0.47619047619047616,-2.947122222222222,-185.6687
htf_aligned_breakout_short,earnings_blackout,unknown,63,0.36507936507936506,-1.9944555555555556,-125.6507
htf_aligned_breakout_short,fixed_4r_2r,unknown,63,0.1746031746031746,-5.448720634920635,-343.2694
htf_aligned_breakout_short,hybrid_50pct_target,unknown,63,0.6666666666666666,-8.303611111111111,-523.1275
htf_aligned_breakout_short,ma_exit_ema9,unknown,63,0.2698412698412698,-2.103131746031746,-132.4973
htf_aligned_breakout_short,mfe_lockin_trail,unknown,63,0.19047619047619047,-2.4719253968253967,-155.7313
htf_aligned_breakout_short,multi_tier_partial,unknown,63,0.30158730158730157,-2.3242079365079364,-146.4251
htf_aligned_breakout_short,next_pivot_target,unknown,63,0.36507936507936506,-3.6392476190476186,-229.27259999999998
htf_aligned_breakout_short,r_multiple_2r,unknown,63,0.20634920634920634,-2.479085714285714,-156.1824
htf_aligned_breakout_short,r_multiple_3r,unknown,63,0.15873015873015872,-2.28813492063492,-144.15249999999997
htf_aligned_breakout_short,regime_flip,unknown,63,0.3492063492063492,-2.689473015873016,-169.4368
htf_aligned_breakout_short,reverse_signal,unknown,63,0.19047619047619047,-2.7726555555555557,-174.6773
htf_aligned_breakout_short,smc_mitigation_zone,unknown,63,0.19047619047619047,-2.7726555555555557,-174.6773
htf_aligned_breakout_short,time_stop_10d,unknown,63,0.3492063492063492,-3.4203920634920633,-215.48469999999998
htf_aligned_breakout_short,time_stop_20d,unknown,63,0.3492063492063492,-2.689473015873016,-169.4368
htf_aligned_breakout_short,trailing_10pct,unknown,63,0.23809523809523808,-4.4683,-281.5029
htf_aligned_breakout_short,trailing_15pct,unknown,63,0.25396825396825395,-4.2971079365079365,-270.7178
htf_aligned_breakout_short,trailing_5pct,unknown,63,0.14285714285714285,-3.047795238095238,-192.0111
hull_rsi,atr_trail_1x,unknown,67,0.22388059701492538,-1.2454970149253732,-83.4483
hull_rsi,atr_trail_2x,unknown,67,0.31343283582089554,0.32772537313432815,21.957599999999985
hull_rsi,atr_trail_mae_conditional,unknown,67,0.22388059701492538,-1.2454970149253732,-83.4483
hull_rsi,atr_trail_vix_conditional,unknown,67,0.2835820895522388,-0.9278940298507463,-62.1689
hull_rsi,break_even_at_1r,unknown,67,0.07462686567164178,-1.9266671641791047,-129.0867
hull_rsi,breakeven_plus_trail,unknown,67,0.3283582089552239,1.5087298507462688,101.0849
hull_rsi,chandelier_3x,unknown,67,0.3283582089552239,1.2132746268656716,81.2894
hull_rsi,class_time_stop,unknown,67,0.582089552238806,3.809249253731343,255.2197
hull_rsi,earnings_blackout,unknown,67,0.5223880597014925,0.12253283582089544,8.209699999999994
hull_rsi,fixed_4r_2r,unknown,67,0.3283582089552239,-0.16202686567164187,-10.855800000000006
hull_rsi,hybrid_50pct_target,unknown,67,0.8059701492537313,7.027849253731343,470.8659
hull_rsi,ma_exit_ema9,unknown,67,0.29850746268656714,0.11446865671641786,7.669399999999996
hull_rsi,mfe_lockin_trail,unknown,67,0.22388059701492538,-1.3388746268656717,-89.7046
hull_rsi,multi_tier_partial,unknown,67,0.417910447761194,-0.970789552238806,-65.0429
hull_rsi,next_pivot_target,unknown,67,0.7313432835820896,0.606313432835821,40.623000000000005
hull_rsi,r_multiple_2r,unknown,67,0.31343283582089554,0.45979850746268663,30.806500000000003
hull_rsi,r_multiple_3r,unknown,67,0.23880597014925373,0.9092955223880598,60.9228
hull_rsi,regime_flip,unknown,67,0.5671641791044776,2.5577537313432837,171.36950000000002
hull_rsi,reverse_signal,unknown,67,0.22388059701492538,-1.2454970149253732,-83.4483
hull_rsi,smc_mitigation_zone,unknown,67,0.22388059701492538,-1.2454970149253732,-83.4483
hull_rsi,time_stop_10d,unknown,67,0.44776119402985076,1.1895776119402985,79.7017
hull_rsi,time_stop_20d,unknown,67,0.5671641791044776,2.5577537313432837,171.36950000000002
hull_rsi,trailing_10pct,unknown,67,0.34328358208955223,-0.15073582089552237,-10.0993
hull_rsi,trailing_15pct,unknown,67,0.4626865671641791,5.285723880597015,354.1435
hull_rsi,trailing_5pct,unknown,67,0.26865671641791045,-0.8897776119402985,-59.6151
hull_rsi_short,atr_trail_1x,unknown,58,0.20689655172413793,-2.349562068965517,-136.2746
hull_rsi_short,atr_trail_2x,unknown,58,0.25862068965517243,-3.9276775862068964,-227.8053
hull_rsi_short,atr_trail_mae_conditional,unknown,58,0.20689655172413793,-2.349562068965517,-136.2746
hull_rsi_short,atr_trail_vix_conditional,unknown,58,0.25862068965517243,-1.7630206896551726,-102.2552
hull_rsi_short,break_even_at_1r,unknown,58,0.1206896551724138,-3.3226706896551725,-192.7149
hull_rsi_short,breakeven_plus_trail,unknown,58,0.3620689655172414,-1.5733379310344826,-91.25359999999999
hull_rsi_short,chandelier_3x,unknown,58,0.3103448275862069,-2.270137931034483,-131.668
hull_rsi_short,class_time_stop,unknown,58,0.4827586206896552,-0.3086241379310343,-17.90019999999999
hull_rsi_short,earnings_blackout,unknown,58,0.4827586206896552,-15.058941379310344,-873.4186
hull_rsi_short,fixed_4r_2r,unknown,58,0.22413793103448276,-2.3005224137931037,-133.43030000000002
hull_rsi_short,hybrid_50pct_target,unknown,58,0.7931034482758621,-14.437355172413792,-837.3666
hull_rsi_short,ma_exit_ema9,unknown,58,0.29310344827586204,0.16263793103448262,9.432999999999993
hull_rsi_short,mfe_lockin_trail,unknown,58,0.20689655172413793,-2.280734482758621,-132.2826
hull_rsi_short,multi_tier_partial,unknown,58,0.3448275862068966,-1.9067379310344827,-110.5908
hull_rsi_short,next_pivot_target,unknown,58,0.6724137931034483,-0.4714827586206896,-27.345999999999997
hull_rsi_short,r_multiple_2r,unknown,58,0.2413793103448276,-1.7413862068965518,-101.0004
hull_rsi_short,r_multiple_3r,unknown,58,0.1896551724137931,-1.2348206896551723,-71.61959999999999
hull_rsi_short,regime_flip,unknown,58,0.41379310344827586,-1.0329965517241377,-59.913799999999995
hull_rsi_short,reverse_signal,unknown,58,0.20689655172413793,-2.349562068965517,-136.2746
hull_rsi_short,smc_mitigation_zone,unknown,58,0.20689655172413793,-2.349562068965517,-136.2746
hull_rsi_short,time_stop_10d,unknown,58,0.43103448275862066,-1.3621965517241377,-79.00739999999999
hull_rsi_short,time_stop_20d,unknown,58,0.41379310344827586,-1.0329965517241377,-59.913799999999995
hull_rsi_short,trailing_10pct,unknown,58,0.22413793103448276,-4.062593103448276,-235.6304
hull_rsi_short,trailing_15pct,unknown,58,0.3275862068965517,-4.238156896551724,-245.8131
hull_rsi_short,trailing_5pct,unknown,58,0.1896551724137931,-2.4792758620689654,-143.798
ichimoku_cloud_breakout,atr_trail_1x,unknown,76,0.13157894736842105,-3.190582894736842,-242.4843
ichimoku_cloud_breakout,atr_trail_2x,unknown,76,0.2631578947368421,-2.963281578947368,-225.2094
ichimoku_cloud_breakout,atr_trail_mae_conditional,unknown,76,0.13157894736842105,-3.190582894736842,-242.4843
ichimoku_cloud_breakout,atr_trail_vix_conditional,unknown,76,0.18421052631578946,-3.133785526315789,-238.1677
ichimoku_cloud_breakout,break_even_at_1r,unknown,76,0.11842105263157894,-3.3047684210526316,-251.1624
ichimoku_cloud_breakout,breakeven_plus_trail,unknown,76,0.3026315789473684,-2.0856789473684207,-158.5116
ichimoku_cloud_breakout,chandelier_3x,unknown,76,0.14473684210526316,-2.502068421052632,-190.15720000000002
ichimoku_cloud_breakout,class_time_stop,unknown,76,0.4868421052631579,-1.465240789473684,-111.35829999999999
ichimoku_cloud_breakout,earnings_blackout,unknown,76,0.34210526315789475,-5.120097368421053,-389.1274
ichimoku_cloud_breakout,fixed_4r_2r,unknown,76,0.17105263157894737,-5.912681578947368,-449.36379999999997
ichimoku_cloud_breakout,hybrid_50pct_target,unknown,76,0.5131578947368421,-27.21921710526316,-2068.6605
ichimoku_cloud_breakout,ma_exit_ema9,unknown,76,0.3157894736842105,-0.7069078947368421,-53.725
ichimoku_cloud_breakout,mfe_lockin_trail,unknown,76,0.13157894736842105,-3.0638526315789476,-232.8528
ichimoku_cloud_breakout,multi_tier_partial,unknown,76,0.2894736842105263,-2.705432894736842,-205.6129
ichimoku_cloud_breakout,next_pivot_target,unknown,76,0.6973684210526315,-1.7353960526315788,-131.8901
ichimoku_cloud_breakout,r_multiple_2r,unknown,76,0.17105263157894737,-2.8134684210526317,-213.8236
ichimoku_cloud_breakout,r_multiple_3r,unknown,76,0.14473684210526316,-2.4462381578947365,-185.9141
ichimoku_cloud_breakout,regime_flip,unknown,76,0.4605263157894737,-1.2949921052631579,-98.4194
ichimoku_cloud_breakout,reverse_signal,unknown,76,0.13157894736842105,-3.190582894736842,-242.4843
ichimoku_cloud_breakout,smc_mitigation_zone,unknown,76,0.13157894736842105,-3.190582894736842,-242.4843
ichimoku_cloud_breakout,time_stop_10d,unknown,76,0.32894736842105265,-2.499178947368421,-189.9376
ichimoku_cloud_breakout,time_stop_20d,unknown,76,0.4605263157894737,-1.2949921052631579,-98.4194
ichimoku_cloud_breakout,trailing_10pct,unknown,76,0.2236842105263158,-3.6107868421052634,-274.4198
ichimoku_cloud_breakout,trailing_15pct,unknown,76,0.3026315789473684,-4.817811842105264,-366.1537
ichimoku_cloud_breakout,trailing_5pct,unknown,76,0.18421052631578946,-2.513359210526316,-191.0153
ichimoku_tk_cross,atr_trail_1x,unknown,15,0.26666666666666666,-1.0464533333333332,-15.6968
ichimoku_tk_cross,atr_trail_2x,unknown,15,0.4,1.0468400000000002,15.702600000000004
ichimoku_tk_cross,atr_trail_mae_conditional,unknown,15,0.26666666666666666,-1.0464533333333332,-15.6968
ichimoku_tk_cross,atr_trail_vix_conditional,unknown,15,0.2,-0.9644066666666666,-14.466099999999999
ichimoku_tk_cross,break_even_at_1r,unknown,15,0.13333333333333333,2.2918733333333337,34.3781
ichimoku_tk_cross,breakeven_plus_trail,unknown,15,0.3333333333333333,4.76616,71.4924
ichimoku_tk_cross,chandelier_3x,unknown,15,0.4,2.50378,37.5567
ichimoku_tk_cross,class_time_stop,unknown,15,0.4,0.9250200000000001,13.875300000000001
ichimoku_tk_cross,earnings_blackout,unknown,15,0.5333333333333333,8.193033333333334,122.8955
ichimoku_tk_cross,fixed_4r_2r,unknown,15,0.3333333333333333,-0.1681266666666667,-2.5219000000000005
ichimoku_tk_cross,hybrid_50pct_target,unknown,15,0.5333333333333333,1.1821266666666668,17.731900000000003
ichimoku_tk_cross,ma_exit_ema9,unknown,15,0.4,3.9699733333333334,59.5496
ichimoku_tk_cross,mfe_lockin_trail,unknown,15,0.26666666666666666,-1.2349066666666668,-18.523600000000002
ichimoku_tk_cross,multi_tier_partial,unknown,15,0.4,-1.047,-15.704999999999998
ichimoku_tk_cross,next_pivot_target,unknown,15,0.6666666666666666,-1.1170733333333336,-16.756100000000004
ichimoku_tk_cross,r_multiple_2r,unknown,15,0.4,0.7203199999999998,10.804799999999998
ichimoku_tk_cross,r_multiple_3r,unknown,15,0.3333333333333333,1.5015733333333332,22.5236
ichimoku_tk_cross,regime_flip,unknown,15,0.4,0.8177333333333332,12.265999999999998
ichimoku_tk_cross,reverse_signal,unknown,15,0.26666666666666666,-1.0464533333333332,-15.6968
ichimoku_tk_cross,smc_mitigation_zone,unknown,15,0.26666666666666666,-1.0464533333333332,-15.6968
ichimoku_tk_cross,time_stop_10d,unknown,15,0.5333333333333333,2.3800800000000004,35.70120000000001
ichimoku_tk_cross,time_stop_20d,unknown,15,0.4,0.8177333333333332,12.265999999999998
ichimoku_tk_cross,trailing_10pct,unknown,15,0.3333333333333333,1.658306666666667,24.874600000000004
ichimoku_tk_cross,trailing_15pct,unknown,15,0.3333333333333333,1.9580733333333333,29.3711
ichimoku_tk_cross,trailing_5pct,unknown,15,0.4,0.6223866666666665,9.335799999999997
inside_bar_breakout,atr_trail_1x,unknown,5,0.4,-0.38571999999999995,-1.9285999999999999
inside_bar_breakout,atr_trail_2x,unknown,5,0.4,1.9849600000000003,9.924800000000001
inside_bar_breakout,atr_trail_mae_conditional,unknown,5,0.4,-0.38571999999999995,-1.9285999999999999
inside_bar_breakout,atr_trail_vix_conditional,unknown,5,0.6,2.0037200000000004,10.018600000000001
inside_bar_breakout,break_even_at_1r,unknown,5,0.2,0.26654,1.3327
inside_bar_breakout,breakeven_plus_trail,unknown,5,0.4,2.5842799999999997,12.921399999999998
inside_bar_breakout,chandelier_3x,unknown,5,0.2,1.3985800000000002,6.992900000000001
inside_bar_breakout,class_time_stop,unknown,5,0.6,2.8377,14.1885
inside_bar_breakout,earnings_blackout,unknown,5,0.6,1.6668599999999998,8.334299999999999
inside_bar_breakout,fixed_4r_2r,unknown,5,0.4,0.5844199999999999,2.9220999999999995
inside_bar_breakout,hybrid_50pct_target,unknown,5,0.6,0.9886399999999999,4.943199999999999
inside_bar_breakout,ma_exit_ema9,unknown,5,0.8,0.5508599999999999,2.7542999999999997
inside_bar_breakout,mfe_lockin_trail,unknown,5,0.4,-0.18583999999999995,-0.9291999999999998
inside_bar_breakout,multi_tier_partial,unknown,5,0.6,0.16748000000000002,0.8374000000000001
inside_bar_breakout,next_pivot_target,unknown,5,1.0,1.8797599999999999,9.3988
inside_bar_breakout,r_multiple_2r,unknown,5,0.4,1.0008,5.004
inside_bar_breakout,r_multiple_3r,unknown,5,0.4,2.3483400000000003,11.741700000000002
inside_bar_breakout,regime_flip,unknown,5,0.6,2.47414,12.3707
inside_bar_breakout,reverse_signal,unknown,5,0.4,-0.38571999999999995,-1.9285999999999999
inside_bar_breakout,smc_mitigation_zone,unknown,5,0.4,-0.38571999999999995,-1.9285999999999999
inside_bar_breakout,time_stop_10d,unknown,5,0.6,1.5415800000000002,7.7079
inside_bar_breakout,time_stop_20d,unknown,5,0.6,2.47414,12.3707
inside_bar_breakout,trailing_10pct,unknown,5,0.6,-6.198500000000001,-30.992500000000003
inside_bar_breakout,trailing_15pct,unknown,5,0.4,-8.00162,-40.008100000000006
inside_bar_breakout,trailing_5pct,unknown,5,0.4,2.3780200000000002,11.8901
insider_cluster_long,atr_trail_1x,unknown,13,0.38461538461538464,-1.6968692307692308,-22.0593
insider_cluster_long,atr_trail_2x,unknown,13,0.38461538461538464,-0.7296615384615386,-9.485600000000002
insider_cluster_long,atr_trail_mae_conditional,unknown,13,0.38461538461538464,-1.6968692307692308,-22.0593
insider_cluster_long,atr_trail_vix_conditional,unknown,13,0.5384615384615384,0.7291461538461539,9.478900000000001
insider_cluster_long,break_even_at_1r,unknown,13,0.23076923076923078,-1.2210384615384615,-15.8735
insider_cluster_long,breakeven_plus_trail,unknown,13,0.46153846153846156,1.2233923076923077,15.9041
insider_cluster_long,chandelier_3x,unknown,13,0.23076923076923078,1.041723076923077,13.5424
insider_cluster_long,class_time_stop,unknown,13,0.6153846153846154,4.199400000000001,54.592200000000005
insider_cluster_long,earnings_blackout,unknown,13,0.5384615384615384,3.2424000000000004,42.1512
insider_cluster_long,fixed_4r_2r,unknown,13,0.38461538461538464,-1.506046153846154,-19.5786
insider_cluster_long,hybrid_50pct_target,unknown,13,0.38461538461538464,-0.892969230769231,-11.608600000000003
insider_cluster_long,ma_exit_ema9,unknown,13,0.3076923076923077,-2.043623076923077,-26.5671
insider_cluster_long,mfe_lockin_trail,unknown,13,0.38461538461538464,-1.181076923076923,-15.354
insider_cluster_long,multi_tier_partial,unknown,13,0.46153846153846156,-0.989423076923077,-12.8625
insider_cluster_long,next_pivot_target,unknown,13,0.5384615384615384,-3.408253846153846,-44.3073
insider_cluster_long,r_multiple_2r,unknown,13,0.38461538461538464,-0.6835307692307695,-8.885900000000003
insider_cluster_long,r_multiple_3r,unknown,13,0.3076923076923077,-0.5756307692307695,-7.483200000000004
insider_cluster_long,regime_flip,unknown,13,0.46153846153846156,-3.3478384615384615,-43.5219
insider_cluster_long,reverse_signal,unknown,13,0.38461538461538464,-1.6968692307692308,-22.0593
insider_cluster_long,smc_mitigation_zone,unknown,13,0.38461538461538464,-1.6968692307692308,-22.0593
insider_cluster_long,time_stop_10d,unknown,13,0.46153846153846156,-0.9721076923076926,-12.637400000000003
insider_cluster_long,time_stop_20d,unknown,13,0.46153846153846156,-3.3478384615384615,-43.5219
insider_cluster_long,trailing_10pct,unknown,13,0.38461538461538464,-0.9358076923076921,-12.165499999999998
insider_cluster_long,trailing_15pct,unknown,13,0.38461538461538464,-3.789007692307692,-49.257099999999994
insider_cluster_long,trailing_5pct,unknown,13,0.5384615384615384,1.1901615384615385,15.4721
institutional_buy_momentum_long,atr_trail_1x,unknown,25,0.16,-2.20308,-55.077
institutional_buy_momentum_long,atr_trail_2x,unknown,25,0.2,-1.0822760000000002,-27.056900000000006
institutional_buy_momentum_long,atr_trail_mae_conditional,unknown,25,0.16,-2.20308,-55.077
institutional_buy_momentum_long,atr_trail_vix_conditional,unknown,25,0.2,-1.131736,-28.293400000000002
institutional_buy_momentum_long,break_even_at_1r,unknown,25,0.04,-2.141184,-53.5296
institutional_buy_momentum_long,breakeven_plus_trail,unknown,25,0.28,1.694076,42.3519
institutional_buy_momentum_long,chandelier_3x,unknown,25,0.16,0.5651439999999998,14.128599999999995
institutional_buy_momentum_long,class_time_stop,unknown,25,0.52,1.859624,46.4906
institutional_buy_momentum_long,earnings_blackout,unknown,25,0.68,9.510692,237.7673
institutional_buy_momentum_long,fixed_4r_2r,unknown,25,0.24,-2.7404920000000006,-68.51230000000001
institutional_buy_momentum_long,hybrid_50pct_target,unknown,25,0.32,-2.545856,-63.6464
institutional_buy_momentum_long,ma_exit_ema9,unknown,25,0.24,2.0908,52.27
institutional_buy_momentum_long,mfe_lockin_trail,unknown,25,0.16,-2.2012720000000003,-55.031800000000004
institutional_buy_momentum_long,multi_tier_partial,unknown,25,0.4,-1.3063040000000001,-32.6576
institutional_buy_momentum_long,next_pivot_target,unknown,25,0.72,-0.4468360000000001,-11.170900000000003
institutional_buy_momentum_long,r_multiple_2r,unknown,25,0.2,-1.7205199999999998,-43.013
institutional_buy_momentum_long,r_multiple_3r,unknown,25,0.16,-1.3613,-34.0325
institutional_buy_momentum_long,regime_flip,unknown,25,0.32,-1.158292,-28.9573
institutional_buy_momentum_long,reverse_signal,unknown,25,0.16,-2.20308,-55.077
institutional_buy_momentum_long,smc_mitigation_zone,unknown,25,0.16,-2.20308,-55.077
institutional_buy_momentum_long,time_stop_10d,unknown,25,0.36,-1.5099799999999999,-37.7495
institutional_buy_momentum_long,time_stop_20d,unknown,25,0.32,-1.158292,-28.9573
institutional_buy_momentum_long,trailing_10pct,unknown,25,0.24,-2.9859519999999997,-74.6488
institutional_buy_momentum_long,trailing_15pct,unknown,25,0.24,0.43150800000000034,10.787700000000008
institutional_buy_momentum_long,trailing_5pct,unknown,25,0.12,-3.000148,-75.0037
institutional_cluster_long,atr_trail_1x,unknown,62,0.3548387096774194,-0.8210741935483871,-50.9066
institutional_cluster_long,atr_trail_2x,unknown,62,0.27419354838709675,-0.09075161290322581,-5.6266
institutional_cluster_long,atr_trail_mae_conditional,unknown,62,0.3548387096774194,-0.8210741935483871,-50.9066
institutional_cluster_long,atr_trail_vix_conditional,unknown,62,0.27419354838709675,-1.6351483870967742,-101.3792
institutional_cluster_long,break_even_at_1r,unknown,62,0.06451612903225806,-0.9169838709677419,-56.853
institutional_cluster_long,breakeven_plus_trail,unknown,62,0.4032258064516129,7.541353225806452,467.5639
institutional_cluster_long,chandelier_3x,unknown,62,0.11290322580645161,-0.7315338709677419,-45.3551
institutional_cluster_long,class_time_stop,unknown,62,0.6129032258064516,11.283446774193548,699.5737
institutional_cluster_long,earnings_blackout,unknown,62,0.5806451612903226,10.568459677419355,655.2445
institutional_cluster_long,fixed_4r_2r,unknown,62,0.3870967741935484,3.797496774193548,235.4448
institutional_cluster_long,hybrid_50pct_target,unknown,62,0.532258064516129,4.042420967741935,250.6301
institutional_cluster_long,ma_exit_ema9,unknown,62,0.3064516129032258,-1.5870887096774193,-98.3995
institutional_cluster_long,mfe_lockin_trail,unknown,62,0.3548387096774194,-0.8959629032258065,-55.5497
institutional_cluster_long,multi_tier_partial,unknown,62,0.5161290322580645,-0.47056290322580646,-29.1749
institutional_cluster_long,next_pivot_target,unknown,62,0.8387096774193549,0.8451612903225805,52.39999999999999
institutional_cluster_long,r_multiple_2r,unknown,62,0.3064516129032258,-0.4982161290322581,-30.889400000000002
institutional_cluster_long,r_multiple_3r,unknown,62,0.22580645161290322,-0.6626403225806451,-41.08369999999999
institutional_cluster_long,regime_flip,unknown,62,0.3870967741935484,3.1745274193548387,196.8207
institutional_cluster_long,reverse_signal,unknown,62,0.3548387096774194,-0.8210741935483871,-50.9066
institutional_cluster_long,smc_mitigation_zone,unknown,62,0.3548387096774194,-0.8210741935483871,-50.9066
institutional_cluster_long,time_stop_10d,unknown,62,0.4838709677419355,0.3646338709677421,22.60730000000001
institutional_cluster_long,time_stop_20d,unknown,62,0.3870967741935484,3.1745274193548387,196.8207
institutional_cluster_long,trailing_10pct,unknown,62,0.24193548387096775,-1.1498951612903228,-71.29350000000001
institutional_cluster_long,trailing_15pct,unknown,62,0.3387096774193548,1.4059016129032258,87.1659
institutional_cluster_long,trailing_5pct,unknown,62,0.25806451612903225,-1.1469951612903224,-71.1137
lead_lag_sector_rotation,atr_trail_1x,unknown,78,0.08974358974358974,-1.3015179487179487,-101.5184
lead_lag_sector_rotation,atr_trail_2x,unknown,78,0.24358974358974358,-0.13935512820512821,-10.8697
lead_lag_sector_rotation,atr_trail_mae_conditional,unknown,78,0.08974358974358974,-1.3015179487179487,-101.5184
lead_lag_sector_rotation,atr_trail_vix_conditional,unknown,78,0.08974358974358974,-1.3015179487179487,-101.5184
lead_lag_sector_rotation,break_even_at_1r,unknown,78,0.01282051282051282,-0.9005115384615385,-70.2399
lead_lag_sector_rotation,breakeven_plus_trail,unknown,78,0.23076923076923078,1.9772576923076923,154.2261
lead_lag_sector_rotation,chandelier_3x,unknown,78,0.07692307692307693,0.13409230769230765,10.459199999999997
lead_lag_sector_rotation,class_time_stop,unknown,78,0.44871794871794873,0.6492884615384613,50.64449999999998
lead_lag_sector_rotation,earnings_blackout,unknown,78,0.5384615384615384,16.031225641025642,1250.4356
lead_lag_sector_rotation,fixed_4r_2r,unknown,78,0.32051282051282054,-0.1795448717948718,-14.0045
lead_lag_sector_rotation,hybrid_50pct_target,unknown,78,0.6410256410256411,-0.160423076923077,-12.513000000000005
lead_lag_sector_rotation,ma_exit_ema9,unknown,78,0.38461538461538464,0.171225641025641,13.355599999999999
lead_lag_sector_rotation,mfe_lockin_trail,unknown,78,0.08974358974358974,-1.2960653846153847,-101.0931
lead_lag_sector_rotation,multi_tier_partial,unknown,78,0.5512820512820513,-0.27268974358974357,-21.2698
lead_lag_sector_rotation,next_pivot_target,unknown,78,0.38461538461538464,-0.13867051282051282,-10.8163
lead_lag_sector_rotation,r_multiple_2r,unknown,78,0.2564102564102564,-0.47065128205128204,-36.7108
lead_lag_sector_rotation,r_multiple_3r,unknown,78,0.19230769230769232,-0.4747269230769231,-37.0287
lead_lag_sector_rotation,regime_flip,unknown,78,0.46153846153846156,-1.2883333333333333,-100.49
lead_lag_sector_rotation,reverse_signal,unknown,78,0.08974358974358974,-1.3015179487179487,-101.5184
lead_lag_sector_rotation,smc_mitigation_zone,unknown,78,0.08974358974358974,-1.3015179487179487,-101.5184
lead_lag_sector_rotation,time_stop_10d,unknown,78,0.4230769230769231,0.48681666666666673,37.971700000000006
lead_lag_sector_rotation,time_stop_20d,unknown,78,0.46153846153846156,-1.2883333333333333,-100.49
lead_lag_sector_rotation,trailing_10pct,unknown,78,0.2948717948717949,-1.1288589743589743,-88.051
lead_lag_sector_rotation,trailing_15pct,unknown,78,0.2948717948717949,-2.7694871794871796,-216.02
lead_lag_sector_rotation,trailing_5pct,unknown,78,0.21794871794871795,-1.7498782051282051,-136.4905
macd_crossover,atr_trail_1x,unknown,27,0.18518518518518517,-1.4187851851851851,-38.3072
macd_crossover,atr_trail_2x,unknown,27,0.2962962962962963,0.6851222222222222,18.4983
macd_crossover,atr_trail_mae_conditional,unknown,27,0.18518518518518517,-1.4187851851851851,-38.3072
macd_crossover,atr_trail_vix_conditional,unknown,27,0.18518518518518517,-1.2629851851851852,-34.1006
macd_crossover,break_even_at_1r,unknown,27,0.07407407407407407,-1.6684518518518519,-45.0482
macd_crossover,breakeven_plus_trail,unknown,27,0.3333333333333333,4.253748148148148,114.85119999999999
macd_crossover,chandelier_3x,unknown,27,0.37037037037037035,2.607851851851852,70.412
macd_crossover,class_time_stop,unknown,27,0.4444444444444444,-0.5447925925925924,-14.709399999999993
macd_crossover,earnings_blackout,unknown,27,0.5555555555555556,1.231159259259259,33.241299999999995
macd_crossover,fixed_4r_2r,unknown,27,0.2962962962962963,-6.7693407407407395,-182.77219999999997
macd_crossover,hybrid_50pct_target,unknown,27,0.48148148148148145,-1.5293222222222218,-41.29169999999999
macd_crossover,ma_exit_ema9,unknown,27,0.25925925925925924,1.1216925925925925,30.285699999999995
macd_crossover,mfe_lockin_trail,unknown,27,0.18518518518518517,-2.5855333333333332,-69.8094
macd_crossover,multi_tier_partial,unknown,27,0.25925925925925924,-2.2052074074074075,-59.5406
macd_crossover,next_pivot_target,unknown,27,0.6296296296296297,-0.012029629629629621,-0.32479999999999976
macd_crossover,r_multiple_2r,unknown,27,0.2962962962962963,-0.36945925925925927,-9.9754
macd_crossover,r_multiple_3r,unknown,27,0.25925925925925924,0.7621740740740742,20.578700000000005
macd_crossover,regime_flip,unknown,27,0.48148148148148145,0.08824074074074074,2.3825000000000003
macd_crossover,reverse_signal,unknown,27,0.18518518518518517,-1.4187851851851851,-38.3072
macd_crossover,smc_mitigation_zone,unknown,27,0.18518518518518517,-1.4187851851851851,-38.3072
macd_crossover,time_stop_10d,unknown,27,0.5555555555555556,-0.47931481481481475,-12.941499999999998
macd_crossover,time_stop_20d,unknown,27,0.48148148148148145,0.08824074074074074,2.3825000000000003
macd_crossover,trailing_10pct,unknown,27,0.3333333333333333,1.6886814814814817,45.59440000000001
macd_crossover,trailing_15pct,unknown,27,0.4074074074074074,4.579807407407408,123.65480000000001
macd_crossover,trailing_5pct,unknown,27,0.2222222222222222,-1.3406740740740741,-36.1982
macd_fast_crossover,atr_trail_1x,unknown,52,0.23076923076923078,-1.9621576923076924,-102.0322
macd_fast_crossover,atr_trail_2x,unknown,52,0.4230769230769231,-0.5005288461538462,-26.027500000000003
macd_fast_crossover,atr_trail_mae_conditional,unknown,52,0.23076923076923078,-1.9621576923076924,-102.0322
macd_fast_crossover,atr_trail_vix_conditional,unknown,52,0.2692307692307692,-1.8014249999999998,-93.6741
macd_fast_crossover,break_even_at_1r,unknown,52,0.09615384615384616,-1.043846153846154,-54.28000000000001
macd_fast_crossover,breakeven_plus_trail,unknown,52,0.38461538461538464,4.75495,247.25740000000002
macd_fast_crossover,chandelier_3x,unknown,52,0.34615384615384615,1.2118384615384616,63.015600000000006
macd_fast_crossover,class_time_stop,unknown,52,0.3076923076923077,-4.383734615384616,-227.95420000000001
macd_fast_crossover,earnings_blackout,unknown,52,0.4423076923076923,-1.2848288461538462,-66.8111
macd_fast_crossover,fixed_4r_2r,unknown,52,0.34615384615384615,0.13055961538461514,6.789099999999987
macd_fast_crossover,hybrid_50pct_target,unknown,52,0.5384615384615384,3.0259884615384616,157.3514
macd_fast_crossover,ma_exit_ema9,unknown,52,0.34615384615384615,-0.4235884615384616,-22.026600000000002
macd_fast_crossover,mfe_lockin_trail,unknown,52,0.23076923076923078,-1.791725,-93.1697
macd_fast_crossover,multi_tier_partial,unknown,52,0.36538461538461536,-1.5013326923076922,-78.0693
macd_fast_crossover,next_pivot_target,unknown,52,0.6538461538461539,-0.6809403846153845,-35.408899999999996
macd_fast_crossover,r_multiple_2r,unknown,52,0.34615384615384615,-0.2404826923076923,-12.505099999999999
macd_fast_crossover,r_multiple_3r,unknown,52,0.21153846153846154,-1.648680769230769,-85.7314
macd_fast_crossover,regime_flip,unknown,52,0.36538461538461536,-2.4973730769230773,-129.8634
macd_fast_crossover,reverse_signal,unknown,52,0.23076923076923078,-1.9621576923076924,-102.0322
macd_fast_crossover,smc_mitigation_zone,unknown,52,0.23076923076923078,-1.9621576923076924,-102.0322
macd_fast_crossover,time_stop_10d,unknown,52,0.5384615384615384,0.03950961538461532,2.0544999999999964
macd_fast_crossover,time_stop_20d,unknown,52,0.36538461538461536,-2.4973730769230773,-129.8634
macd_fast_crossover,trailing_10pct,unknown,52,0.3076923076923077,0.8305211538461539,43.1871
macd_fast_crossover,trailing_15pct,unknown,52,0.34615384615384615,0.6668076923076922,34.67399999999999
macd_fast_crossover,trailing_5pct,unknown,52,0.2692307692307692,-1.3887096153846152,-72.21289999999999
monthly_bias_momentum_long,atr_trail_1x,unknown,259,0.277992277992278,-0.7582648648648649,-196.3906
monthly_bias_momentum_long,atr_trail_2x,unknown,259,0.40540540540540543,0.8725401544401544,225.9879
monthly_bias_momentum_long,atr_trail_mae_conditional,unknown,259,0.277992277992278,-0.7582648648648649,-196.3906
monthly_bias_momentum_long,atr_trail_vix_conditional,unknown,259,0.27413127413127414,-0.598188416988417,-154.9308
monthly_bias_momentum_long,break_even_at_1r,unknown,259,0.16216216216216217,0.5443297297297297,140.9814
monthly_bias_momentum_long,breakeven_plus_trail,unknown,259,0.4092664092664093,4.849114285714285,1255.9206
monthly_bias_momentum_long,chandelier_3x,unknown,259,0.29343629343629346,0.4960764478764479,128.4838
monthly_bias_momentum_long,class_time_stop,unknown,259,0.5482625482625483,3.5394513513513512,916.7179
monthly_bias_momentum_long,earnings_blackout,unknown,259,0.5135135135135135,3.7949718146718148,982.8977
monthly_bias_momentum_long,fixed_4r_2r,unknown,259,0.41312741312741313,2.0743559845559845,537.2582
monthly_bias_momentum_long,hybrid_50pct_target,unknown,259,0.555984555984556,3.0739864864864868,796.1625
monthly_bias_momentum_long,ma_exit_ema9,unknown,259,0.4015444015444015,0.722169498069498,187.0419
monthly_bias_momentum_long,mfe_lockin_trail,unknown,259,0.277992277992278,-0.9176254826254826,-237.665
monthly_bias_momentum_long,multi_tier_partial,unknown,259,0.4671814671814672,-0.5359683397683398,-138.8158
monthly_bias_momentum_long,next_pivot_target,unknown,259,0.6833976833976834,0.44305212355212353,114.75049999999999
monthly_bias_momentum_long,r_multiple_2r,unknown,259,0.38996138996138996,1.4318281853281853,370.8435
monthly_bias_momentum_long,r_multiple_3r,unknown,259,0.3204633204633205,1.8061899613899615,467.8032
monthly_bias_momentum_long,regime_flip,unknown,259,0.5405405405405406,2.2713127413127414,588.27
monthly_bias_momentum_long,reverse_signal,unknown,259,0.277992277992278,-0.7582648648648649,-196.3906
monthly_bias_momentum_long,smc_mitigation_zone,unknown,259,0.277992277992278,-0.7582648648648649,-196.3906
monthly_bias_momentum_long,time_stop_10d,unknown,259,0.5714285714285714,2.2821667953667952,591.0812
monthly_bias_momentum_long,time_stop_20d,unknown,259,0.5405405405405406,2.2713127413127414,588.27
monthly_bias_momentum_long,trailing_10pct,unknown,259,0.3745173745173745,1.0432131274131276,270.1922
monthly_bias_momentum_long,trailing_15pct,unknown,259,0.3783783783783784,2.0205409266409267,523.3201
monthly_bias_momentum_long,trailing_5pct,unknown,259,0.27413127413127414,-0.45825945945945945,-118.6892
morning_star,atr_trail_1x,unknown,45,0.17777777777777778,-2.1490244444444446,-96.7061
morning_star,atr_trail_2x,unknown,45,0.26666666666666666,1.2430777777777777,55.9385
morning_star,atr_trail_mae_conditional,unknown,45,0.17777777777777778,-2.1490244444444446,-96.7061
morning_star,atr_trail_vix_conditional,unknown,45,0.15555555555555556,-2.1268844444444444,-95.7098
morning_star,break_even_at_1r,unknown,45,0.1111111111111111,-0.5077111111111111,-22.846999999999998
morning_star,breakeven_plus_trail,unknown,45,0.35555555555555557,5.781373333333334,260.1618
morning_star,chandelier_3x,unknown,45,0.044444444444444446,1.67836,75.5262
morning_star,class_time_stop,unknown,45,0.5333333333333333,-0.04389555555555561,-1.9753000000000025
morning_star,earnings_blackout,unknown,45,0.4666666666666667,3.294637777777777,148.25869999999998
morning_star,fixed_4r_2r,unknown,45,0.24444444444444444,-2.1498977777777775,-96.74539999999999
morning_star,hybrid_50pct_target,unknown,45,0.6,-26.11326888888889,-1175.0971
morning_star,ma_exit_ema9,unknown,45,0.28888888888888886,0.07595777777777774,3.418099999999998
morning_star,mfe_lockin_trail,unknown,45,0.17777777777777778,-2.080191111111111,-93.6086
morning_star,multi_tier_partial,unknown,45,0.3111111111111111,-1.5096977777777778,-67.9364
morning_star,next_pivot_target,unknown,45,0.6888888888888889,-0.29083111111111115,-13.087400000000002
morning_star,r_multiple_2r,unknown,45,0.26666666666666666,-0.580291111111111,-26.113099999999996
morning_star,r_multiple_3r,unknown,45,0.2,-0.26593555555555554,-11.967099999999999
morning_star,regime_flip,unknown,45,0.4,1.0770822222222225,48.46870000000001
morning_star,reverse_signal,unknown,45,0.17777777777777778,-2.1490244444444446,-96.7061
morning_star,smc_mitigation_zone,unknown,45,0.17777777777777778,-2.1490244444444446,-96.7061
morning_star,time_stop_10d,unknown,45,0.4666666666666667,0.9057822222222224,40.760200000000005
morning_star,time_stop_20d,unknown,45,0.4,1.0770822222222225,48.46870000000001
morning_star,trailing_10pct,unknown,45,0.24444444444444444,-0.6398888888888887,-28.794999999999995
morning_star,trailing_15pct,unknown,45,0.4,4.1399244444444445,186.29659999999998
morning_star,trailing_5pct,unknown,45,0.13333333333333333,-1.721562222222222,-77.4703
orb_stocks_in_play_long,atr_trail_1x,unknown,34,0.20588235294117646,-3.239188235294118,-110.1324
orb_stocks_in_play_long,atr_trail_2x,unknown,34,0.20588235294117646,-4.66459705882353,-158.5963
orb_stocks_in_play_long,atr_trail_mae_conditional,unknown,34,0.20588235294117646,-3.239188235294118,-110.1324
orb_stocks_in_play_long,atr_trail_vix_conditional,unknown,34,0.23529411764705882,-3.331523529411765,-113.2718
orb_stocks_in_play_long,break_even_at_1r,unknown,34,0.11764705882352941,-2.4384823529411763,-82.9084
orb_stocks_in_play_long,breakeven_plus_trail,unknown,34,0.29411764705882354,-0.9079352941176472,-30.869800000000005
orb_stocks_in_play_long,chandelier_3x,unknown,34,0.14705882352941177,-4.238652941176471,-144.1142
orb_stocks_in_play_long,class_time_stop,unknown,34,0.3235294117647059,-7.029873529411765,-239.0157
orb_stocks_in_play_long,earnings_blackout,unknown,34,0.35294117647058826,-3.407605882352941,-115.8586
orb_stocks_in_play_long,fixed_4r_2r,unknown,34,0.2647058823529412,-2.8279264705882357,-96.14950000000002
orb_stocks_in_play_long,hybrid_50pct_target,unknown,34,0.29411764705882354,-2.3874558823529415,-81.1735
orb_stocks_in_play_long,ma_exit_ema9,unknown,34,0.29411764705882354,-1.8369647058823528,-62.456799999999994
orb_stocks_in_play_long,mfe_lockin_trail,unknown,34,0.20588235294117646,-3.0102470588235293,-102.3484
orb_stocks_in_play_long,multi_tier_partial,unknown,34,0.4411764705882353,-1.8600823529411765,-63.2428
orb_stocks_in_play_long,next_pivot_target,unknown,34,0.3235294117647059,-3.00795,-102.2703
orb_stocks_in_play_long,r_multiple_2r,unknown,34,0.2647058823529412,-1.4068411764705884,-47.832600000000006
orb_stocks_in_play_long,r_multiple_3r,unknown,34,0.17647058823529413,-2.0806323529411763,-70.7415
orb_stocks_in_play_long,regime_flip,unknown,34,0.4411764705882353,-1.886376470588235,-64.1368
orb_stocks_in_play_long,reverse_signal,unknown,34,0.20588235294117646,-3.239188235294118,-110.1324
orb_stocks_in_play_long,smc_mitigation_zone,unknown,34,0.20588235294117646,-3.239188235294118,-110.1324
orb_stocks_in_play_long,time_stop_10d,unknown,34,0.4117647058823529,-0.14867058823529405,-5.0547999999999975
orb_stocks_in_play_long,time_stop_20d,unknown,34,0.4411764705882353,-1.886376470588235,-64.1368
orb_stocks_in_play_long,trailing_10pct,unknown,34,0.20588235294117646,-4.415570588235294,-150.1294
orb_stocks_in_play_long,trailing_15pct,unknown,34,0.23529411764705882,-4.991620588235294,-169.7151
orb_stocks_in_play_long,trailing_5pct,unknown,34,0.17647058823529413,-2.6327882352941177,-89.5148
orb_stocks_in_play_short,atr_trail_1x,unknown,44,0.20454545454545456,-3.1857795454545452,-140.1743
orb_stocks_in_play_short,atr_trail_2x,unknown,44,0.18181818181818182,-5.940668181818182,-261.3894
orb_stocks_in_play_short,atr_trail_mae_conditional,unknown,44,0.20454545454545456,-3.1857795454545452,-140.1743
orb_stocks_in_play_short,atr_trail_vix_conditional,unknown,44,0.20454545454545456,-3.578418181818182,-157.4504
orb_stocks_in_play_short,break_even_at_1r,unknown,44,0.09090909090909091,-5.516527272727273,-242.7272
orb_stocks_in_play_short,breakeven_plus_trail,unknown,44,0.36363636363636365,-2.910156818181818,-128.0469
orb_stocks_in_play_short,chandelier_3x,unknown,44,0.11363636363636363,-7.641477272727273,-336.225
orb_stocks_in_play_short,class_time_stop,unknown,44,0.4090909090909091,-5.16815,-227.3986
orb_stocks_in_play_short,earnings_blackout,unknown,44,0.4090909090909091,-10.93915,-481.3226
orb_stocks_in_play_short,fixed_4r_2r,unknown,44,0.20454545454545456,-6.966645454545454,-306.5324
orb_stocks_in_play_short,hybrid_50pct_target,unknown,44,0.6363636363636364,-18.474786363636362,-812.8906
orb_stocks_in_play_short,ma_exit_ema9,unknown,44,0.20454545454545456,-4.521006818181818,-198.9243
orb_stocks_in_play_short,mfe_lockin_trail,unknown,44,0.20454545454545456,-3.6984045454545456,-162.7298
orb_stocks_in_play_short,multi_tier_partial,unknown,44,0.25,-3.352629545454546,-147.5157
orb_stocks_in_play_short,next_pivot_target,unknown,44,0.25,-6.475247727272727,-284.91089999999997
orb_stocks_in_play_short,r_multiple_2r,unknown,44,0.13636363636363635,-5.5309931818181814,-243.3637
orb_stocks_in_play_short,r_multiple_3r,unknown,44,0.11363636363636363,-4.6081318181818185,-202.7578
orb_stocks_in_play_short,regime_flip,unknown,44,0.38636363636363635,-6.686513636363636,-294.2066
orb_stocks_in_play_short,reverse_signal,unknown,44,0.20454545454545456,-3.1857795454545452,-140.1743
orb_stocks_in_play_short,smc_mitigation_zone,unknown,44,0.20454545454545456,-3.1857795454545452,-140.1743
orb_stocks_in_play_short,time_stop_10d,unknown,44,0.25,-3.9303545454545454,-172.9356
orb_stocks_in_play_short,time_stop_20d,unknown,44,0.38636363636363635,-6.686513636363636,-294.2066
orb_stocks_in_play_short,trailing_10pct,unknown,44,0.1590909090909091,-4.918243181818182,-216.4027
orb_stocks_in_play_short,trailing_15pct,unknown,44,0.18181818181818182,-5.659488636363637,-249.0175
orb_stocks_in_play_short,trailing_5pct,unknown,44,0.1590909090909091,-2.2615204545454546,-99.5069
pairs_mean_reversion_long,atr_trail_1x,unknown,225,0.3022222222222222,-0.6614804444444444,-148.8331
pairs_mean_reversion_long,atr_trail_2x,unknown,225,0.35555555555555557,0.10334488888888886,23.252599999999994
pairs_mean_reversion_long,atr_trail_mae_conditional,unknown,225,0.3022222222222222,-0.6614804444444444,-148.8331
pairs_mean_reversion_long,atr_trail_vix_conditional,unknown,225,0.28,-0.48437155555555556,-108.9836
pairs_mean_reversion_long,break_even_at_1r,unknown,225,0.13777777777777778,0.21684844444444434,48.79089999999998
pairs_mean_reversion_long,breakeven_plus_trail,unknown,225,0.3244444444444444,3.952402222222222,889.2905
pairs_mean_reversion_long,chandelier_3x,unknown,225,0.10222222222222223,0.31515644444444446,70.9102
pairs_mean_reversion_long,class_time_stop,unknown,225,0.5288888888888889,1.450216888888889,326.2988
pairs_mean_reversion_long,earnings_blackout,unknown,225,0.4888888888888889,0.3718315555555556,83.66210000000001
pairs_mean_reversion_long,fixed_4r_2r,unknown,225,0.37777777777777777,0.9280222222222223,208.805
pairs_mean_reversion_long,hybrid_50pct_target,unknown,225,0.5733333333333334,2.729978222222222,614.2451
pairs_mean_reversion_long,ma_exit_ema9,unknown,225,0.4311111111111111,-0.010074222222222226,-2.2667000000000006
pairs_mean_reversion_long,mfe_lockin_trail,unknown,225,0.30666666666666664,-0.8124604444444444,-182.8036
pairs_mean_reversion_long,multi_tier_partial,unknown,225,0.41333333333333333,-0.4293915555555556,-96.6131
pairs_mean_reversion_long,next_pivot_target,unknown,225,0.7511111111111111,0.29929155555555553,67.3406
pairs_mean_reversion_long,r_multiple_2r,unknown,225,0.3244444444444444,0.13053199999999998,29.369699999999998
pairs_mean_reversion_long,r_multiple_3r,unknown,225,0.2577777777777778,0.3367284444444444,75.76389999999999
pairs_mean_reversion_long,regime_flip,unknown,225,0.5288888888888889,1.0416382222222222,234.36860000000001
pairs_mean_reversion_long,reverse_signal,unknown,225,0.3022222222222222,-0.6614804444444444,-148.8331
pairs_mean_reversion_long,smc_mitigation_zone,unknown,225,0.3022222222222222,-0.6614804444444444,-148.8331
pairs_mean_reversion_long,time_stop_10d,unknown,225,0.56,0.7990866666666666,179.7945
pairs_mean_reversion_long,time_stop_20d,unknown,225,0.5288888888888889,1.0416382222222222,234.36860000000001
pairs_mean_reversion_long,trailing_10pct,unknown,225,0.37777777777777777,1.4331506666666665,322.45889999999997
pairs_mean_reversion_long,trailing_15pct,unknown,225,0.38666666666666666,2.8031991111111108,630.7198
pairs_mean_reversion_long,trailing_5pct,unknown,225,0.27111111111111114,-0.617184,-138.8664
pairs_mean_reversion_short,atr_trail_1x,unknown,25,0.32,-1.166492,-29.162300000000002
pairs_mean_reversion_short,atr_trail_2x,unknown,25,0.16,-3.506028,-87.6507
pairs_mean_reversion_short,atr_trail_mae_conditional,unknown,25,0.32,-1.166492,-29.162300000000002
pairs_mean_reversion_short,atr_trail_vix_conditional,unknown,25,0.24,-2.038048,-50.9512
pairs_mean_reversion_short,break_even_at_1r,unknown,25,0.08,-1.9149880000000001,-47.874700000000004
pairs_mean_reversion_short,breakeven_plus_trail,unknown,25,0.24,-1.0663,-26.6575
pairs_mean_reversion_short,chandelier_3x,unknown,25,0.08,-2.996676,-74.9169
pairs_mean_reversion_short,class_time_stop,unknown,25,0.52,-3.4564440000000003,-86.4111
pairs_mean_reversion_short,earnings_blackout,unknown,25,0.52,-0.2072840000000001,-5.182100000000003
pairs_mean_reversion_short,fixed_4r_2r,unknown,25,0.2,-4.871804,-121.79509999999999
pairs_mean_reversion_short,hybrid_50pct_target,unknown,25,0.72,-41.922752,-1048.0688
pairs_mean_reversion_short,ma_exit_ema9,unknown,25,0.28,-1.637588,-40.9397
pairs_mean_reversion_short,mfe_lockin_trail,unknown,25,0.32,-0.9198439999999999,-22.9961
pairs_mean_reversion_short,multi_tier_partial,unknown,25,0.56,-0.5040920000000001,-12.602300000000001
pairs_mean_reversion_short,next_pivot_target,unknown,25,0.8,-0.14817999999999995,-3.7044999999999986
pairs_mean_reversion_short,r_multiple_2r,unknown,25,0.12,-2.894524,-72.3631
pairs_mean_reversion_short,r_multiple_3r,unknown,25,0.08,-3.009708,-75.2427
pairs_mean_reversion_short,regime_flip,unknown,25,0.48,-3.071436,-76.7859
pairs_mean_reversion_short,reverse_signal,unknown,25,0.32,-1.166492,-29.162300000000002
pairs_mean_reversion_short,smc_mitigation_zone,unknown,25,0.32,-1.166492,-29.162300000000002
pairs_mean_reversion_short,time_stop_10d,unknown,25,0.32,-3.264072,-81.6018
pairs_mean_reversion_short,time_stop_20d,unknown,25,0.48,-3.071436,-76.7859
pairs_mean_reversion_short,trailing_10pct,unknown,25,0.28,-2.300964,-57.5241
pairs_mean_reversion_short,trailing_15pct,unknown,25,0.28,-4.418944,-110.4736
pairs_mean_reversion_short,trailing_5pct,unknown,25,0.2,-1.942536,-48.5634
parabolic_sar_flip,atr_trail_1x,unknown,62,0.3225806451612903,-1.1659467741935485,-72.2887
parabolic_sar_flip,atr_trail_2x,unknown,62,0.3387096774193548,-1.1789177419354842,-73.09290000000001
parabolic_sar_flip,atr_trail_mae_conditional,unknown,62,0.3225806451612903,-1.1659467741935485,-72.2887
parabolic_sar_flip,atr_trail_vix_conditional,unknown,62,0.22580645161290322,-0.9975741935483872,-61.8496
parabolic_sar_flip,break_even_at_1r,unknown,62,0.1774193548387097,0.12604677419354846,7.814900000000004
parabolic_sar_flip,breakeven_plus_trail,unknown,62,0.4032258064516129,3.6382693548387097,225.5727
parabolic_sar_flip,chandelier_3x,unknown,62,0.06451612903225806,-1.2346370967741935,-76.5475
parabolic_sar_flip,class_time_stop,unknown,62,0.5161290322580645,3.3834032258064513,209.771
parabolic_sar_flip,earnings_blackout,unknown,62,0.46774193548387094,-0.12776290322580633,-7.921299999999992
parabolic_sar_flip,fixed_4r_2r,unknown,62,0.2903225806451613,-1.5938354838709679,-98.8178
parabolic_sar_flip,hybrid_50pct_target,unknown,62,0.6129032258064516,2.4639387096774197,152.76420000000002
parabolic_sar_flip,ma_exit_ema9,unknown,62,0.27419354838709675,1.1167887096774194,69.2409
parabolic_sar_flip,mfe_lockin_trail,unknown,62,0.3225806451612903,-0.6484596774193547,-40.204499999999996
parabolic_sar_flip,multi_tier_partial,unknown,62,0.3870967741935484,-0.8633032258064516,-53.5248
parabolic_sar_flip,next_pivot_target,unknown,62,0.6612903225806451,-0.6276322580645162,-38.9132
parabolic_sar_flip,r_multiple_2r,unknown,62,0.3225806451612903,0.6106403225806452,37.8597
parabolic_sar_flip,r_multiple_3r,unknown,62,0.22580645161290322,-0.45132580645161285,-27.982199999999995
parabolic_sar_flip,regime_flip,unknown,62,0.41935483870967744,-0.04287419354838722,-2.658200000000008
parabolic_sar_flip,reverse_signal,unknown,62,0.3225806451612903,-1.1659467741935485,-72.2887
parabolic_sar_flip,smc_mitigation_zone,unknown,62,0.3225806451612903,-1.1659467741935485,-72.2887
parabolic_sar_flip,time_stop_10d,unknown,62,0.46774193548387094,-1.2765241935483873,-79.14450000000001
parabolic_sar_flip,time_stop_20d,unknown,62,0.41935483870967744,-0.04287419354838722,-2.658200000000008
parabolic_sar_flip,trailing_10pct,unknown,62,0.3548387096774194,-0.6851258064516129,-42.4778
parabolic_sar_flip,trailing_15pct,unknown,62,0.4032258064516129,-1.1949854838709677,-74.0891
parabolic_sar_flip,trailing_5pct,unknown,62,0.3064516129032258,-1.2706516129032257,-78.7804
pead_long,atr_trail_1x,unknown,97,0.36082474226804123,-1.2571494845360824,-121.9435
pead_long,atr_trail_2x,unknown,97,0.4020618556701031,0.9654030927835051,93.6441
pead_long,atr_trail_mae_conditional,unknown,97,0.36082474226804123,-1.2571494845360824,-121.9435
pead_long,atr_trail_vix_conditional,unknown,97,0.30927835051546393,-1.6793350515463918,-162.8955
pead_long,break_even_at_1r,unknown,97,0.16494845360824742,-0.7330690721649484,-71.1077
pead_long,breakeven_plus_trail,unknown,97,0.41237113402061853,5.3980525773195875,523.6111
pead_long,chandelier_3x,unknown,97,0.26804123711340205,0.46298041237113413,44.90910000000001
pead_long,class_time_stop,unknown,97,0.5154639175257731,4.256596907216495,412.8899
pead_long,earnings_blackout,unknown,97,0.5154639175257731,4.180829896907216,405.5405
pead_long,fixed_4r_2r,unknown,97,0.4536082474226804,3.2257484536082477,312.8976
pead_long,hybrid_50pct_target,unknown,97,0.5876288659793815,3.885598969072165,376.9031
pead_long,ma_exit_ema9,unknown,97,0.3917525773195876,-0.14443402061855667,-14.010099999999998
pead_long,mfe_lockin_trail,unknown,97,0.36082474226804123,-1.1376742268041238,-110.3544
pead_long,multi_tier_partial,unknown,97,0.4742268041237113,-0.4482711340206186,-43.4823
pead_long,next_pivot_target,unknown,97,0.7938144329896907,-0.47389690721649486,-45.968
pead_long,r_multiple_2r,unknown,97,0.44329896907216493,1.7427742268041237,169.0491
pead_long,r_multiple_3r,unknown,97,0.31958762886597936,1.4242536082474226,138.1526
pead_long,regime_flip,unknown,97,0.6082474226804123,3.3686690721649484,326.7609
pead_long,reverse_signal,unknown,97,0.36082474226804123,-1.2571494845360824,-121.9435
pead_long,smc_mitigation_zone,unknown,97,0.36082474226804123,-1.2571494845360824,-121.9435
pead_long,time_stop_10d,unknown,97,0.5979381443298969,1.6894907216494843,163.8806
pead_long,time_stop_20d,unknown,97,0.6082474226804123,3.3686690721649484,326.7609
pead_long,trailing_10pct,unknown,97,0.35051546391752575,-0.1690185567010309,-16.394799999999996
pead_long,trailing_15pct,unknown,97,0.36082474226804123,4.771828865979382,462.86740000000003
pead_long,trailing_5pct,unknown,97,0.36082474226804123,-1.0117567010309279,-98.1404
pead_short,atr_trail_1x,unknown,85,0.24705882352941178,-2.0830811764705883,-177.0619
pead_short,atr_trail_2x,unknown,85,0.3764705882352941,-0.6286952941176468,-53.43909999999998
pead_short,atr_trail_mae_conditional,unknown,85,0.24705882352941178,-2.0830811764705883,-177.0619
pead_short,atr_trail_vix_conditional,unknown,85,0.24705882352941178,-2.823069411764706,-239.9609
pead_short,break_even_at_1r,unknown,85,0.21176470588235294,-1.9763635294117647,-167.9909
pead_short,breakeven_plus_trail,unknown,85,0.49411764705882355,3.1392929411764707,266.8399
pead_short,chandelier_3x,unknown,85,0.25882352941176473,-0.9203870588235294,-78.2329
pead_short,class_time_stop,unknown,85,0.5058823529411764,-0.2631835294117648,-22.37060000000001
pead_short,earnings_blackout,unknown,85,0.49411764705882355,-2.2817117647058827,-193.9455
pead_short,fixed_4r_2r,unknown,85,0.35294117647058826,1.072144705882353,91.1323
pead_short,hybrid_50pct_target,unknown,85,0.8117647058823529,-52.496643529411756,-4462.2146999999995
pead_short,ma_exit_ema9,unknown,85,0.36470588235294116,-0.7261411764705883,-61.722
pead_short,mfe_lockin_trail,unknown,85,0.24705882352941178,-1.8390835294117647,-156.3221
pead_short,multi_tier_partial,unknown,85,0.4,-1.0880294117647058,-92.4825
pead_short,next_pivot_target,unknown,85,0.6941176470588235,-1.0282670588235294,-87.4027
pead_short,r_multiple_2r,unknown,85,0.35294117647058826,-0.16760823529411764,-14.2467
pead_short,r_multiple_3r,unknown,85,0.25882352941176473,-1.1814858823529413,-100.42630000000001
pead_short,regime_flip,unknown,85,0.5529411764705883,2.3375258823529412,198.68970000000002
pead_short,reverse_signal,unknown,85,0.24705882352941178,-2.0830811764705883,-177.0619
pead_short,smc_mitigation_zone,unknown,85,0.24705882352941178,-2.0830811764705883,-177.0619
pead_short,time_stop_10d,unknown,85,0.5411764705882353,-0.1435670588235295,-12.203200000000008
pead_short,time_stop_20d,unknown,85,0.5529411764705883,2.3375258823529412,198.68970000000002
pead_short,trailing_10pct,unknown,85,0.4235294117647059,0.2749152941176471,23.367800000000003
pead_short,trailing_15pct,unknown,85,0.3764705882352941,-0.07787058823529402,-6.618999999999993
pead_short,trailing_5pct,unknown,85,0.23529411764705882,-2.1136082352941177,-179.6567
pivot_r1_breakout,atr_trail_1x,unknown,20,0.25,-1.46696,-29.3392
pivot_r1_breakout,atr_trail_2x,unknown,20,0.15,-3.1981299999999995,-63.96259999999999
pivot_r1_breakout,atr_trail_mae_conditional,unknown,20,0.25,-1.46696,-29.3392
pivot_r1_breakout,atr_trail_vix_conditional,unknown,20,0.25,0.2392850000000001,4.785700000000002
pivot_r1_breakout,break_even_at_1r,unknown,20,0.15,0.2796699999999998,5.593399999999996
pivot_r1_breakout,breakeven_plus_trail,unknown,20,0.35,1.10425,22.085
pivot_r1_breakout,chandelier_3x,unknown,20,0.2,-2.433255,-48.665099999999995
pivot_r1_breakout,class_time_stop,unknown,20,0.4,-4.069445,-81.38889999999999
pivot_r1_breakout,earnings_blackout,unknown,20,0.45,1.8343999999999994,36.68799999999999
pivot_r1_breakout,fixed_4r_2r,unknown,20,0.2,-5.368475,-107.3695
pivot_r1_breakout,hybrid_50pct_target,unknown,20,0.3,-5.373435000000001,-107.46870000000001
pivot_r1_breakout,ma_exit_ema9,unknown,20,0.3,-1.750225,-35.0045
pivot_r1_breakout,mfe_lockin_trail,unknown,20,0.25,-2.461385,-49.2277
pivot_r1_breakout,multi_tier_partial,unknown,20,0.3,-2.220525,-44.4105
pivot_r1_breakout,next_pivot_target,unknown,20,0.5,-3.2247700000000004,-64.4954
pivot_r1_breakout,r_multiple_2r,unknown,20,0.2,-2.7048,-54.096000000000004
pivot_r1_breakout,r_multiple_3r,unknown,20,0.15,-2.6456199999999996,-52.91239999999999
pivot_r1_breakout,regime_flip,unknown,20,0.2,-8.577295,-171.5459
pivot_r1_breakout,reverse_signal,unknown,20,0.35,-2.022565,-40.4513
pivot_r1_breakout,smc_mitigation_zone,unknown,20,0.25,-1.46696,-29.3392
pivot_r1_breakout,time_stop_10d,unknown,20,0.35,-4.945505,-98.9101
pivot_r1_breakout,time_stop_20d,unknown,20,0.2,-8.577295,-171.5459
pivot_r1_breakout,trailing_10pct,unknown,20,0.2,-1.15578,-23.1156
pivot_r1_breakout,trailing_15pct,unknown,20,0.1,-6.27031,-125.40620000000001
pivot_r1_breakout,trailing_5pct,unknown,20,0.2,-1.1604700000000001,-23.209400000000002
pivot_s1_bounce,atr_trail_1x,unknown,22,0.2727272727272727,-0.912440909090909,-20.0737
pivot_s1_bounce,atr_trail_2x,unknown,22,0.22727272727272727,-2.53115,-55.6853
pivot_s1_bounce,atr_trail_mae_conditional,unknown,22,0.2727272727272727,-0.912440909090909,-20.0737
pivot_s1_bounce,atr_trail_vix_conditional,unknown,22,0.2727272727272727,-0.9982863636363636,-21.9623
pivot_s1_bounce,break_even_at_1r,unknown,22,0.045454545454545456,-1.4776454545454547,-32.5082
pivot_s1_bounce,breakeven_plus_trail,unknown,22,0.18181818181818182,-0.74205,-16.3251
pivot_s1_bounce,chandelier_3x,unknown,22,0.18181818181818182,-2.5885590909090905,-56.948299999999996
pivot_s1_bounce,class_time_stop,unknown,22,0.45454545454545453,-1.0834863636363636,-23.8367
pivot_s1_bounce,earnings_blackout,unknown,22,0.45454545454545453,-2.88165,-63.396300000000004
pivot_s1_bounce,fixed_4r_2r,unknown,22,0.18181818181818182,-4.262413636363636,-93.7731
pivot_s1_bounce,hybrid_50pct_target,unknown,22,0.5,-3.2473999999999994,-71.44279999999999
pivot_s1_bounce,ma_exit_ema9,unknown,22,0.2727272727272727,-0.91255,-20.0761
pivot_s1_bounce,mfe_lockin_trail,unknown,22,0.2727272727272727,-0.8040772727272728,-17.689700000000002
pivot_s1_bounce,multi_tier_partial,unknown,22,0.4090909090909091,-0.542990909090909,-11.945799999999998
pivot_s1_bounce,next_pivot_target,unknown,22,0.6818181818181818,-1.326368181818182,-29.180100000000003
pivot_s1_bounce,r_multiple_2r,unknown,22,0.3181818181818182,-0.2823772727272726,-6.212299999999997
pivot_s1_bounce,r_multiple_3r,unknown,22,0.13636363636363635,-2.2203045454545456,-48.8467
pivot_s1_bounce,regime_flip,unknown,22,0.3181818181818182,-3.807372727272728,-83.7622
pivot_s1_bounce,reverse_signal,unknown,22,0.2727272727272727,-0.912440909090909,-20.0737
pivot_s1_bounce,smc_mitigation_zone,unknown,22,0.2727272727272727,-0.912440909090909,-20.0737
pivot_s1_bounce,time_stop_10d,unknown,22,0.3181818181818182,-3.614886363636364,-79.5275
pivot_s1_bounce,time_stop_20d,unknown,22,0.3181818181818182,-3.807372727272728,-83.7622
pivot_s1_bounce,trailing_10pct,unknown,22,0.22727272727272727,-2.5471500000000002,-56.0373
pivot_s1_bounce,trailing_15pct,unknown,22,0.36363636363636365,-0.06570454545454534,-1.4454999999999973
pivot_s1_bounce,trailing_5pct,unknown,22,0.36363636363636365,-1.3427136363636363,-29.5397
po3_bearish,atr_trail_1x,unknown,341,0.23460410557184752,-2.107048680351906,-718.5036
po3_bearish,atr_trail_2x,unknown,341,0.30498533724340177,-2.5123791788856304,-856.7213
po3_bearish,atr_trail_mae_conditional,unknown,341,0.23460410557184752,-2.107048680351906,-718.5036
po3_bearish,atr_trail_vix_conditional,unknown,341,0.24926686217008798,-1.9975527859237536,-681.1655
po3_bearish,break_even_at_1r,unknown,341,0.16129032258064516,-1.6120199413489735,-549.6988
po3_bearish,breakeven_plus_trail,unknown,341,0.3870967741935484,0.6047202346041055,206.2096
po3_bearish,chandelier_3x,unknown,341,0.187683284457478,-2.8988038123167157,-988.4921
po3_bearish,class_time_stop,unknown,341,0.436950146627566,-3.2440885630498535,-1106.2342
po3_bearish,earnings_blackout,unknown,341,0.45454545454545453,-7.210986217008798,-2458.9463
po3_bearish,fixed_4r_2r,unknown,341,0.24926686217008798,-3.5460865102639296,-1209.2155
po3_bearish,hybrid_50pct_target,unknown,341,0.7536656891495601,-13.818189736070382,-4712.0027
po3_bearish,ma_exit_ema9,unknown,341,0.2991202346041056,-0.9007120234604106,-307.1428
po3_bearish,mfe_lockin_trail,unknown,341,0.23460410557184752,-2.0710134897360706,-706.2156
po3_bearish,multi_tier_partial,unknown,341,0.3225806451612903,-1.7556835777126099,-598.6881
po3_bearish,next_pivot_target,unknown,341,0.7272727272727273,-1.1740736070381232,-400.3591
po3_bearish,r_multiple_2r,unknown,341,0.2785923753665689,-0.8822299120234603,-300.8404
po3_bearish,r_multiple_3r,unknown,341,0.18475073313782991,-1.4466052785923753,-493.2924
po3_bearish,regime_flip,unknown,341,0.4340175953079179,-2.692704692082111,-918.2122999999999
po3_bearish,reverse_signal,unknown,341,0.23460410557184752,-2.107048680351906,-718.5036
po3_bearish,smc_mitigation_zone,unknown,341,0.23460410557184752,-2.107048680351906,-718.5036
po3_bearish,time_stop_10d,unknown,341,0.4604105571847507,-0.946816129032258,-322.86429999999996
po3_bearish,time_stop_20d,unknown,341,0.4340175953079179,-2.692704692082111,-918.2122999999999
po3_bearish,trailing_10pct,unknown,341,0.31378299120234604,-2.4098457478005866,-821.7574
po3_bearish,trailing_15pct,unknown,341,0.3196480938416422,-3.3623070381231677,-1146.5467
po3_bearish,trailing_5pct,unknown,341,0.21994134897360704,-2.096700879765396,-714.975
po3_bullish,atr_trail_1x,unknown,281,0.24199288256227758,-2.3220334519572954,-652.4914
po3_bullish,atr_trail_2x,unknown,281,0.3309608540925267,-2.4749320284697505,-695.4558999999999
po3_bullish,atr_trail_mae_conditional,unknown,281,0.24199288256227758,-2.3220334519572954,-652.4914
po3_bullish,atr_trail_vix_conditional,unknown,281,0.2491103202846975,-2.3018078291814947,-646.808
po3_bullish,break_even_at_1r,unknown,281,0.15302491103202848,-2.0550085409252667,-577.4574
po3_bullish,breakeven_plus_trail,unknown,281,0.38434163701067614,2.113058362989324,593.7694
po3_bullish,chandelier_3x,unknown,281,0.19572953736654805,-1.6263291814946619,-456.9985
po3_bullish,class_time_stop,unknown,281,0.501779359430605,-0.014256939501779422,-4.0062000000000175
po3_bullish,earnings_blackout,unknown,281,0.47330960854092524,3.7890708185053383,1064.7289
po3_bullish,fixed_4r_2r,unknown,281,0.3487544483985765,-0.7647501779359431,-214.89480000000003
po3_bullish,hybrid_50pct_target,unknown,281,0.5124555160142349,1.415446975088968,397.74060000000003
po3_bullish,ma_exit_ema9,unknown,281,0.3487544483985765,-0.8986715302491103,-252.5267
po3_bullish,mfe_lockin_trail,unknown,281,0.24555160142348753,-2.2887725978647686,-643.1451
po3_bullish,multi_tier_partial,unknown,281,0.3914590747330961,-1.904071174377224,-535.044
po3_bullish,next_pivot_target,unknown,281,0.7686832740213523,0.022005338078291838,6.183500000000007
po3_bullish,r_multiple_2r,unknown,281,0.3309608540925267,-0.8045530249110321,-226.07940000000002
po3_bullish,r_multiple_3r,unknown,281,0.2597864768683274,-0.6319533807829182,-177.5789
po3_bullish,regime_flip,unknown,281,0.48398576512455516,-1.3977455516014234,-392.7665
po3_bullish,reverse_signal,unknown,281,0.24199288256227758,-2.3220334519572954,-652.4914
po3_bullish,smc_mitigation_zone,unknown,281,0.24199288256227758,-2.3220334519572954,-652.4914
po3_bullish,time_stop_10d,unknown,281,0.45907473309608543,-1.2010967971530249,-337.5082
po3_bullish,time_stop_20d,unknown,281,0.48398576512455516,-1.3977455516014234,-392.7665
po3_bullish,trailing_10pct,unknown,281,0.33807829181494664,-1.2879633451957295,-361.9177
po3_bullish,trailing_15pct,unknown,281,0.3665480427046263,0.5870615658362989,164.96429999999998
po3_bullish,trailing_5pct,unknown,281,0.2099644128113879,-2.3284042704626335,-654.2816
po3_htf_aligned_long,atr_trail_1x,unknown,34,0.29411764705882354,-0.36958529411764707,-12.565900000000001
po3_htf_aligned_long,atr_trail_2x,unknown,34,0.4117647058823529,-0.24967352941176463,-8.488899999999997
po3_htf_aligned_long,atr_trail_mae_conditional,unknown,34,0.29411764705882354,-0.36958529411764707,-12.565900000000001
po3_htf_aligned_long,atr_trail_vix_conditional,unknown,34,0.29411764705882354,-0.6179176470588236,-21.0092
po3_htf_aligned_long,break_even_at_1r,unknown,34,0.11764705882352941,-0.87605,-29.7857
po3_htf_aligned_long,breakeven_plus_trail,unknown,34,0.3235294117647059,7.769905882352941,264.1768
po3_htf_aligned_long,chandelier_3x,unknown,34,0.23529411764705882,-1.4401764705882354,-48.966
po3_htf_aligned_long,class_time_stop,unknown,34,0.5,2.8410294117647052,96.59499999999998
po3_htf_aligned_long,earnings_blackout,unknown,34,0.47058823529411764,4.389041176470588,149.2274
po3_htf_aligned_long,fixed_4r_2r,unknown,34,0.4117647058823529,3.1018205882352943,105.4619
po3_htf_aligned_long,hybrid_50pct_target,unknown,34,0.5588235294117647,5.33160294117647,181.2745
po3_htf_aligned_long,ma_exit_ema9,unknown,34,0.35294117647058826,2.072773529411765,70.4743
po3_htf_aligned_long,mfe_lockin_trail,unknown,34,0.29411764705882354,-0.27019411764705886,-9.186600000000002
po3_htf_aligned_long,multi_tier_partial,unknown,34,0.4117647058823529,0.19225588235294125,6.536700000000002
po3_htf_aligned_long,next_pivot_target,unknown,34,0.7058823529411765,-0.09257647058823512,-3.147599999999994
po3_htf_aligned_long,r_multiple_2r,unknown,34,0.4117647058823529,2.3024735294117646,78.2841
po3_htf_aligned_long,r_multiple_3r,unknown,34,0.3235294117647059,2.827026470588235,96.1189
po3_htf_aligned_long,regime_flip,unknown,34,0.5,1.221361764705882,41.52629999999999
po3_htf_aligned_long,reverse_signal,unknown,34,0.29411764705882354,-0.36958529411764707,-12.565900000000001
po3_htf_aligned_long,smc_mitigation_zone,unknown,34,0.29411764705882354,-0.36958529411764707,-12.565900000000001
po3_htf_aligned_long,time_stop_10d,unknown,34,0.47058823529411764,1.6496823529411762,56.08919999999999
po3_htf_aligned_long,time_stop_20d,unknown,34,0.5,1.221361764705882,41.52629999999999
po3_htf_aligned_long,trailing_10pct,unknown,34,0.38235294117647056,2.138208823529412,72.6991
po3_htf_aligned_long,trailing_15pct,unknown,34,0.4117647058823529,4.078761764705882,138.6779
po3_htf_aligned_long,trailing_5pct,unknown,34,0.3235294117647059,-1.5695823529411765,-53.3658
po3_htf_aligned_short,atr_trail_1x,unknown,45,0.26666666666666666,-0.8579422222222222,-38.6074
po3_htf_aligned_short,atr_trail_2x,unknown,45,0.5111111111111111,-0.4246422222222218,-19.10889999999998
po3_htf_aligned_short,atr_trail_mae_conditional,unknown,45,0.26666666666666666,-0.8579422222222222,-38.6074
po3_htf_aligned_short,atr_trail_vix_conditional,unknown,45,0.37777777777777777,0.23490888888888897,10.570900000000004
po3_htf_aligned_short,break_even_at_1r,unknown,45,0.3333333333333333,0.7730777777777778,34.7885
po3_htf_aligned_short,breakeven_plus_trail,unknown,45,0.6222222222222222,5.4903200000000005,247.0644
po3_htf_aligned_short,chandelier_3x,unknown,45,0.4,-1.033804444444444,-46.521199999999986
po3_htf_aligned_short,class_time_stop,unknown,45,0.6,-0.5121088888888891,-23.044900000000005
po3_htf_aligned_short,earnings_blackout,unknown,45,0.6,2.0882088888888886,93.9694
po3_htf_aligned_short,fixed_4r_2r,unknown,45,0.4,0.9117711111111115,41.02970000000002
po3_htf_aligned_short,hybrid_50pct_target,unknown,45,0.7777777777777778,-15.319104444444443,-689.3597
po3_htf_aligned_short,ma_exit_ema9,unknown,45,0.4,0.8633955555555556,38.8528
po3_htf_aligned_short,mfe_lockin_trail,unknown,45,0.26666666666666666,-0.6469177777777778,-29.111300000000004
po3_htf_aligned_short,multi_tier_partial,unknown,45,0.4444444444444444,-0.4218177777777778,-18.9818
po3_htf_aligned_short,next_pivot_target,unknown,45,0.8222222222222222,0.4129199999999999,18.581399999999995
po3_htf_aligned_short,r_multiple_2r,unknown,45,0.5333333333333333,3.961597777777778,178.27190000000002
po3_htf_aligned_short,r_multiple_3r,unknown,45,0.5111111111111111,6.539773333333334,294.2898
po3_htf_aligned_short,regime_flip,unknown,45,0.6444444444444445,4.186506666666666,188.3928
po3_htf_aligned_short,reverse_signal,unknown,45,0.26666666666666666,-0.8579422222222222,-38.6074
po3_htf_aligned_short,smc_mitigation_zone,unknown,45,0.26666666666666666,-0.8579422222222222,-38.6074
po3_htf_aligned_short,time_stop_10d,unknown,45,0.5777777777777777,4.951591111111111,222.8216
po3_htf_aligned_short,time_stop_20d,unknown,45,0.6444444444444445,4.186506666666666,188.3928
po3_htf_aligned_short,trailing_10pct,unknown,45,0.5111111111111111,2.2769533333333336,102.4629
po3_htf_aligned_short,trailing_15pct,unknown,45,0.4888888888888889,0.6017333333333332,27.077999999999996
po3_htf_aligned_short,trailing_5pct,unknown,45,0.26666666666666666,-1.1149355555555556,-50.1721
ppo_crossover,atr_trail_1x,unknown,51,0.35294117647058826,-0.4590352941176471,-23.410800000000002
ppo_crossover,atr_trail_2x,unknown,51,0.39215686274509803,2.5327019607843138,129.1678
ppo_crossover,atr_trail_mae_conditional,unknown,51,0.35294117647058826,-0.4590352941176471,-23.410800000000002
ppo_crossover,atr_trail_vix_conditional,unknown,51,0.29411764705882354,-0.5328529411764705,-27.1755
ppo_crossover,break_even_at_1r,unknown,51,0.23529411764705882,1.3352725490196076,68.09889999999999
ppo_crossover,breakeven_plus_trail,unknown,51,0.37254901960784315,5.663249019607843,288.8257
ppo_crossover,chandelier_3x,unknown,51,0.11764705882352941,0.8973647058823531,45.765600000000006
ppo_crossover,class_time_stop,unknown,51,0.5294117647058824,-0.9434823529411764,-48.117599999999996
ppo_crossover,earnings_blackout,unknown,51,0.5686274509803921,6.015517647058823,306.7914
ppo_crossover,fixed_4r_2r,unknown,51,0.29411764705882354,0.17315294117647034,8.830799999999988
ppo_crossover,hybrid_50pct_target,unknown,51,0.5294117647058824,1.5005058823529414,76.5258
ppo_crossover,ma_exit_ema9,unknown,51,0.39215686274509803,0.3865647058823529,19.7148
ppo_crossover,mfe_lockin_trail,unknown,51,0.35294117647058826,-0.6437549019607844,-32.831500000000005
ppo_crossover,multi_tier_partial,unknown,51,0.49019607843137253,-0.014111764705882346,-0.7196999999999997
ppo_crossover,next_pivot_target,unknown,51,0.5686274509803921,-0.9131784313725493,-46.57210000000001
ppo_crossover,r_multiple_2r,unknown,51,0.39215686274509803,0.14859215686274505,7.578199999999997
ppo_crossover,r_multiple_3r,unknown,51,0.27450980392156865,-0.026878431372549062,-1.3708000000000022
ppo_crossover,regime_flip,unknown,51,0.5686274509803921,-0.08089215686274522,-4.125500000000006
ppo_crossover,reverse_signal,unknown,51,0.35294117647058826,-0.4590352941176471,-23.410800000000002
ppo_crossover,smc_mitigation_zone,unknown,51,0.35294117647058826,-0.4590352941176471,-23.410800000000002
ppo_crossover,time_stop_10d,unknown,51,0.49019607843137253,1.5953215686274511,81.3614
ppo_crossover,time_stop_20d,unknown,51,0.5686274509803921,-0.08089215686274522,-4.125500000000006
ppo_crossover,trailing_10pct,unknown,51,0.29411764705882354,-0.016796078431372752,-0.8566000000000104
ppo_crossover,trailing_15pct,unknown,51,0.2549019607843137,1.1981274509803919,61.10449999999999
ppo_crossover,trailing_5pct,unknown,51,0.3333333333333333,-0.0020450980392157443,-0.10430000000000296
pre_fomc_long_sleeve,atr_trail_1x,unknown,36,0.2222222222222222,-2.126172222222222,-76.5422
pre_fomc_long_sleeve,atr_trail_2x,unknown,36,0.4166666666666667,-1.5459194444444444,-55.6531
pre_fomc_long_sleeve,atr_trail_mae_conditional,unknown,36,0.2222222222222222,-2.126172222222222,-76.5422
pre_fomc_long_sleeve,atr_trail_vix_conditional,unknown,36,0.25,-1.4528444444444444,-52.3024
pre_fomc_long_sleeve,break_even_at_1r,unknown,36,0.1111111111111111,-2.092763888888889,-75.3395
pre_fomc_long_sleeve,breakeven_plus_trail,unknown,36,0.4166666666666667,1.8482222222222222,66.536
pre_fomc_long_sleeve,chandelier_3x,unknown,36,0.2222222222222222,-2.329302777777778,-83.8549
pre_fomc_long_sleeve,class_time_stop,unknown,36,0.5,1.394402777777778,50.19850000000001
pre_fomc_long_sleeve,earnings_blackout,unknown,36,0.4166666666666667,5.9226833333333335,213.2166
pre_fomc_long_sleeve,fixed_4r_2r,unknown,36,0.3333333333333333,-0.30297222222222214,-10.906999999999996
pre_fomc_long_sleeve,hybrid_50pct_target,unknown,36,0.4444444444444444,-0.6625277777777777,-23.851
pre_fomc_long_sleeve,ma_exit_ema9,unknown,36,0.3333333333333333,-0.7937388888888889,-28.5746
pre_fomc_long_sleeve,mfe_lockin_trail,unknown,36,0.2222222222222222,-2.288588888888889,-82.3892
pre_fomc_long_sleeve,multi_tier_partial,unknown,36,0.3888888888888889,-1.9266638888888887,-69.3599
pre_fomc_long_sleeve,next_pivot_target,unknown,36,0.7777777777777778,-0.012574999999999928,-0.45269999999999744
pre_fomc_long_sleeve,r_multiple_2r,unknown,36,0.3611111111111111,-0.6306222222222222,-22.7024
pre_fomc_long_sleeve,r_multiple_3r,unknown,36,0.25,-1.1219833333333333,-40.3914
pre_fomc_long_sleeve,regime_flip,unknown,36,0.5277777777777778,1.6543222222222222,59.5556
pre_fomc_long_sleeve,reverse_signal,unknown,36,0.2222222222222222,-2.126172222222222,-76.5422
pre_fomc_long_sleeve,smc_mitigation_zone,unknown,36,0.2222222222222222,-2.126172222222222,-76.5422
pre_fomc_long_sleeve,time_stop_10d,unknown,36,0.5277777777777778,-1.0237083333333332,-36.8535
pre_fomc_long_sleeve,time_stop_20d,unknown,36,0.5277777777777778,1.6543222222222222,59.5556
pre_fomc_long_sleeve,trailing_10pct,unknown,36,0.2777777777777778,-3.569719444444445,-128.50990000000002
pre_fomc_long_sleeve,trailing_15pct,unknown,36,0.25,-2.283877777777778,-82.21960000000001
pre_fomc_long_sleeve,trailing_5pct,unknown,36,0.3333333333333333,-1.4527388888888888,-52.2986
prev_day_high_break,atr_trail_1x,unknown,15,0.4,-1.5016999999999998,-22.525499999999997
prev_day_high_break,atr_trail_2x,unknown,15,0.4,-0.41969333333333336,-6.295400000000001
prev_day_high_break,atr_trail_mae_conditional,unknown,15,0.4,-1.5016999999999998,-22.525499999999997
prev_day_high_break,atr_trail_vix_conditional,unknown,15,0.26666666666666666,-0.4536599999999998,-6.804899999999996
prev_day_high_break,break_even_at_1r,unknown,15,0.06666666666666667,0.4421266666666668,6.631900000000002
prev_day_high_break,breakeven_plus_trail,unknown,15,0.4,9.512106666666666,142.6816
prev_day_high_break,chandelier_3x,unknown,15,0.06666666666666667,-2.15254,-32.2881
prev_day_high_break,class_time_stop,unknown,15,0.6,0.45442666666666676,6.816400000000002
prev_day_high_break,earnings_blackout,unknown,15,0.5333333333333333,8.3239,124.8585
prev_day_high_break,fixed_4r_2r,unknown,15,0.4,3.700333333333333,55.504999999999995
prev_day_high_break,hybrid_50pct_target,unknown,15,0.6,2.830806666666667,42.46210000000001
prev_day_high_break,ma_exit_ema9,unknown,15,0.5333333333333333,-0.2539066666666667,-3.808600000000001
prev_day_high_break,mfe_lockin_trail,unknown,15,0.4,-1.4849866666666667,-22.2748
prev_day_high_break,multi_tier_partial,unknown,15,0.6,-0.8495066666666666,-12.7426
prev_day_high_break,next_pivot_target,unknown,15,0.6,0.8228933333333331,12.343399999999997
prev_day_high_break,r_multiple_2r,unknown,15,0.5333333333333333,1.1775933333333333,17.663899999999998
prev_day_high_break,r_multiple_3r,unknown,15,0.2,-2.054053333333333,-30.810799999999997
prev_day_high_break,regime_flip,unknown,15,0.6,-1.1439466666666662,-17.159199999999995
prev_day_high_break,reverse_signal,unknown,15,0.4,-1.5016999999999998,-22.525499999999997
prev_day_high_break,smc_mitigation_zone,unknown,15,0.4,-1.5016999999999998,-22.525499999999997
prev_day_high_break,time_stop_10d,unknown,15,0.5333333333333333,-0.6841333333333333,-10.261999999999999
prev_day_high_break,time_stop_20d,unknown,15,0.6,-1.1439466666666662,-17.159199999999995
prev_day_high_break,trailing_10pct,unknown,15,0.2,0.11337999999999984,1.7006999999999977
prev_day_high_break,trailing_15pct,unknown,15,0.26666666666666666,0.8431133333333339,12.64670000000001
prev_day_high_break,trailing_5pct,unknown,15,0.4,-1.1844733333333333,-17.7671
prev_day_low_bounce,atr_trail_1x,unknown,10,0.3,-1.32535,-13.2535
prev_day_low_bounce,atr_trail_2x,unknown,10,0.4,-1.14063,-11.4063
prev_day_low_bounce,atr_trail_mae_conditional,unknown,10,0.3,-1.32535,-13.2535
prev_day_low_bounce,atr_trail_vix_conditional,unknown,10,0.2,-1.0126000000000002,-10.126000000000001
prev_day_low_bounce,break_even_at_1r,unknown,10,0.1,-1.6343200000000002,-16.343200000000003
prev_day_low_bounce,breakeven_plus_trail,unknown,10,0.2,-0.16008999999999993,-1.6008999999999993
prev_day_low_bounce,chandelier_3x,unknown,10,0.2,-1.64649,-16.4649
prev_day_low_bounce,class_time_stop,unknown,10,0.7,0.7772000000000001,7.772000000000001
prev_day_low_bounce,earnings_blackout,unknown,10,0.5,7.542350000000001,75.4235
prev_day_low_bounce,fixed_4r_2r,unknown,10,0.3,-0.8076600000000003,-8.076600000000003
prev_day_low_bounce,hybrid_50pct_target,unknown,10,0.6,-0.30582999999999994,-3.058299999999999
prev_day_low_bounce,ma_exit_ema9,unknown,10,0.4,-1.1819899999999999,-11.819899999999999
prev_day_low_bounce,mfe_lockin_trail,unknown,10,0.3,-1.32535,-13.2535
prev_day_low_bounce,multi_tier_partial,unknown,10,0.4,-0.68056,-6.805600000000001
prev_day_low_bounce,next_pivot_target,unknown,10,0.9,1.7531199999999998,17.5312
prev_day_low_bounce,r_multiple_2r,unknown,10,0.4,1.0188499999999998,10.188499999999998
prev_day_low_bounce,r_multiple_3r,unknown,10,0.2,-0.9767000000000001,-9.767000000000001
prev_day_low_bounce,regime_flip,unknown,10,0.5,-0.8816700000000001,-8.8167
prev_day_low_bounce,reverse_signal,unknown,10,0.3,-1.32535,-13.2535
prev_day_low_bounce,smc_mitigation_zone,unknown,10,0.3,-1.32535,-13.2535
prev_day_low_bounce,time_stop_10d,unknown,10,0.7,1.02058,10.2058
prev_day_low_bounce,time_stop_20d,unknown,10,0.5,-0.8816700000000001,-8.8167
prev_day_low_bounce,trailing_10pct,unknown,10,0.4,-2.3890499999999997,-23.890499999999996
prev_day_low_bounce,trailing_15pct,unknown,10,0.4,-1.12072,-11.2072
prev_day_low_bounce,trailing_5pct,unknown,10,0.4,-0.7326900000000001,-7.3269
r1_break_retest,atr_trail_1x,unknown,13,0.07692307692307693,-3.4525615384615382,-44.8833
r1_break_retest,atr_trail_2x,unknown,13,0.38461538461538464,-0.9570615384615385,-12.4418
r1_break_retest,atr_trail_mae_conditional,unknown,13,0.07692307692307693,-3.4525615384615382,-44.8833
r1_break_retest,atr_trail_vix_conditional,unknown,13,0.15384615384615385,-2.949015384615384,-38.337199999999996
r1_break_retest,break_even_at_1r,unknown,13,0.07692307692307693,-2.591584615384616,-33.6906
r1_break_retest,breakeven_plus_trail,unknown,13,0.23076923076923078,4.722307692307693,61.39
r1_break_retest,chandelier_3x,unknown,13,0.38461538461538464,-1.558846153846154,-20.265
r1_break_retest,class_time_stop,unknown,13,0.3076923076923077,-3.2549923076923077,-42.3149
r1_break_retest,earnings_blackout,unknown,13,0.46153846153846156,-13.724115384615386,-178.41350000000003
r1_break_retest,fixed_4r_2r,unknown,13,0.23076923076923078,-4.915576923076923,-63.9025
r1_break_retest,hybrid_50pct_target,unknown,13,0.5384615384615384,-17.12053846153846,-222.56699999999998
r1_break_retest,ma_exit_ema9,unknown,13,0.15384615384615385,-1.1388615384615386,-14.805200000000001
r1_break_retest,mfe_lockin_trail,unknown,13,0.07692307692307693,-3.4525615384615382,-44.8833
r1_break_retest,multi_tier_partial,unknown,13,0.38461538461538464,-2.8908769230769233,-37.5814
r1_break_retest,next_pivot_target,unknown,13,0.7692307692307693,1.0256461538461539,13.333400000000001
r1_break_retest,r_multiple_2r,unknown,13,0.38461538461538464,1.300776923076923,16.9101
r1_break_retest,r_multiple_3r,unknown,13,0.23076923076923078,-1.5056461538461539,-19.5734
r1_break_retest,regime_flip,unknown,13,0.5384615384615384,4.427823076923077,57.5617
r1_break_retest,reverse_signal,unknown,13,0.07692307692307693,-3.4525615384615382,-44.8833
r1_break_retest,smc_mitigation_zone,unknown,13,0.07692307692307693,-3.4525615384615382,-44.8833
r1_break_retest,time_stop_10d,unknown,13,0.38461538461538464,-2.115815384615385,-27.5056
r1_break_retest,time_stop_20d,unknown,13,0.5384615384615384,4.427823076923077,57.5617
r1_break_retest,trailing_10pct,unknown,13,0.3076923076923077,-1.6608923076923077,-21.5916
r1_break_retest,trailing_15pct,unknown,13,0.3076923076923077,-0.28601538461538484,-3.718200000000003
r1_break_retest,trailing_5pct,unknown,13,0.07692307692307693,-2.8759615384615387,-37.3875
risk_off_bond_equity_short,atr_trail_1x,unknown,46,0.15217391304347827,-2.2702152173913044,-104.4299
risk_off_bond_equity_short,atr_trail_2x,unknown,46,0.2826086956521739,-2.406754347826087,-110.7107
risk_off_bond_equity_short,atr_trail_mae_conditional,unknown,46,0.15217391304347827,-2.2702152173913044,-104.4299
risk_off_bond_equity_short,atr_trail_vix_conditional,unknown,46,0.1956521739130435,-2.488180434782609,-114.4563
risk_off_bond_equity_short,break_even_at_1r,unknown,46,0.06521739130434782,-3.2074847826086956,-147.5443
risk_off_bond_equity_short,breakeven_plus_trail,unknown,46,0.2826086956521739,-1.737569565217391,-79.92819999999999
risk_off_bond_equity_short,chandelier_3x,unknown,46,0.08695652173913043,-1.4013804347826087,-64.4635
risk_off_bond_equity_short,class_time_stop,unknown,46,0.2826086956521739,-10.952717391304347,-503.825
risk_off_bond_equity_short,earnings_blackout,unknown,46,0.30434782608695654,-11.021236956521738,-506.9769
risk_off_bond_equity_short,fixed_4r_2r,unknown,46,0.2391304347826087,-4.747806521739131,-218.3991
risk_off_bond_equity_short,hybrid_50pct_target,unknown,46,0.8260869565217391,-19.670067391304347,-904.8231
risk_off_bond_equity_short,ma_exit_ema9,unknown,46,0.3695652173913043,-1.0195391304347825,-46.898799999999994
risk_off_bond_equity_short,mfe_lockin_trail,unknown,46,0.15217391304347827,-2.2497456521739134,-103.48830000000001
risk_off_bond_equity_short,multi_tier_partial,unknown,46,0.30434782608695654,-2.075695652173913,-95.482
risk_off_bond_equity_short,next_pivot_target,unknown,46,0.7608695652173914,-0.017086956521739072,-0.7859999999999974
risk_off_bond_equity_short,r_multiple_2r,unknown,46,0.1956521739130435,-2.8951565217391306,-133.1772
risk_off_bond_equity_short,r_multiple_3r,unknown,46,0.15217391304347827,-2.678004347826087,-123.18820000000001
risk_off_bond_equity_short,regime_flip,unknown,46,0.45652173913043476,-1.3837891304347825,-63.65429999999999
risk_off_bond_equity_short,reverse_signal,unknown,46,0.15217391304347827,-2.2702152173913044,-104.4299
risk_off_bond_equity_short,smc_mitigation_zone,unknown,46,0.15217391304347827,-2.2702152173913044,-104.4299
risk_off_bond_equity_short,time_stop_10d,unknown,46,0.5434782608695652,-1.42765,-65.67190000000001
risk_off_bond_equity_short,time_stop_20d,unknown,46,0.45652173913043476,-1.3837891304347825,-63.65429999999999
risk_off_bond_equity_short,trailing_10pct,unknown,46,0.21739130434782608,-2.883045652173913,-132.6201
risk_off_bond_equity_short,trailing_15pct,unknown,46,0.2391304347826087,-6.000382608695652,-276.0176
risk_off_bond_equity_short,trailing_5pct,unknown,46,0.2608695652173913,-1.7876695652173913,-82.2328
roc_burst,atr_trail_1x,unknown,10,0.3,-2.3863,-23.863
roc_burst,atr_trail_2x,unknown,10,0.5,-0.4372299999999994,-4.372299999999994
roc_burst,atr_trail_mae_conditional,unknown,10,0.3,-2.3863,-23.863
roc_burst,atr_trail_vix_conditional,unknown,10,0.3,-1.31949,-13.1949
roc_burst,break_even_at_1r,unknown,10,0.1,-6.062900000000001,-60.629000000000005
roc_burst,breakeven_plus_trail,unknown,10,0.4,-1.25133,-12.513300000000001
roc_burst,chandelier_3x,unknown,10,0.3,2.3977800000000005,23.977800000000006
roc_burst,class_time_stop,unknown,10,0.5,-5.886950000000001,-58.8695
roc_burst,earnings_blackout,unknown,10,0.3,-5.40071,-54.0071
roc_burst,fixed_4r_2r,unknown,10,0.4,2.1564100000000006,21.564100000000007
roc_burst,hybrid_50pct_target,unknown,10,0.5,-2.4487,-24.487000000000002
roc_burst,ma_exit_ema9,unknown,10,0.2,-7.26994,-72.6994
roc_burst,mfe_lockin_trail,unknown,10,0.3,-2.3863,-23.863
roc_burst,multi_tier_partial,unknown,10,0.4,-1.67658,-16.7658
roc_burst,next_pivot_target,unknown,10,0.6,6.2619299999999996,62.619299999999996
roc_burst,r_multiple_2r,unknown,10,0.6,6.647070000000001,66.47070000000001
roc_burst,r_multiple_3r,unknown,10,0.5,8.6842,86.842
roc_burst,regime_flip,unknown,10,0.4,-0.7717400000000003,-7.717400000000003
roc_burst,reverse_signal,unknown,10,0.3,-2.3863,-23.863
roc_burst,smc_mitigation_zone,unknown,10,0.3,-2.3863,-23.863
roc_burst,time_stop_10d,unknown,10,0.4,-3.4616800000000003,-34.616800000000005
roc_burst,time_stop_20d,unknown,10,0.4,-0.7717400000000003,-7.717400000000003
roc_burst,trailing_10pct,unknown,10,0.2,-3.51152,-35.1152
roc_burst,trailing_15pct,unknown,10,0.4,-5.152100000000001,-51.52100000000001
roc_burst,trailing_5pct,unknown,10,0.2,-2.43426,-24.3426
squeeze_breakout,atr_trail_1x,unknown,63,0.23809523809523808,-2.3771126984126982,-149.75809999999998
squeeze_breakout,atr_trail_2x,unknown,63,0.31746031746031744,-1.585563492063492,-99.8905
squeeze_breakout,atr_trail_mae_conditional,unknown,63,0.23809523809523808,-2.3771126984126982,-149.75809999999998
squeeze_breakout,atr_trail_vix_conditional,unknown,63,0.1746031746031746,-2.750163492063492,-173.2603
squeeze_breakout,break_even_at_1r,unknown,63,0.14285714285714285,-1.8403095238095237,-115.9395
squeeze_breakout,breakeven_plus_trail,unknown,63,0.3968253968253968,6.146531746031746,387.2315
squeeze_breakout,chandelier_3x,unknown,63,0.19047619047619047,-1.298468253968254,-81.8035
squeeze_breakout,class_time_stop,unknown,63,0.4126984126984127,-1.5019253968253967,-94.62129999999999
squeeze_breakout,earnings_blackout,unknown,63,0.47619047619047616,9.452368253968254,595.4992
squeeze_breakout,fixed_4r_2r,unknown,63,0.25396825396825395,-2.0251984126984124,-127.58749999999999
squeeze_breakout,hybrid_50pct_target,unknown,63,0.3492063492063492,-2.2306507936507938,-140.531
squeeze_breakout,ma_exit_ema9,unknown,63,0.2698412698412698,-1.7404349206349208,-109.6474
squeeze_breakout,mfe_lockin_trail,unknown,63,0.23809523809523808,-2.1554396825396824,-135.7927
squeeze_breakout,multi_tier_partial,unknown,63,0.36507936507936506,-1.578904761904762,-99.471
squeeze_breakout,next_pivot_target,unknown,63,0.5555555555555556,0.10613333333333332,6.686399999999999
squeeze_breakout,r_multiple_2r,unknown,63,0.25396825396825395,-1.0273809523809523,-64.725
squeeze_breakout,r_multiple_3r,unknown,63,0.19047619047619047,-1.3900031746031747,-87.5702
squeeze_breakout,regime_flip,unknown,63,0.4126984126984127,-0.06564444444444445,-4.1356
squeeze_breakout,reverse_signal,unknown,63,0.23809523809523808,-2.3771126984126982,-149.75809999999998
squeeze_breakout,smc_mitigation_zone,unknown,63,0.23809523809523808,-2.3771126984126982,-149.75809999999998
squeeze_breakout,time_stop_10d,unknown,63,0.4126984126984127,-1.0232571428571429,-64.4652
squeeze_breakout,time_stop_20d,unknown,63,0.4126984126984127,-0.06564444444444445,-4.1356
squeeze_breakout,trailing_10pct,unknown,63,0.25396825396825395,-2.9930603174603174,-188.5628
squeeze_breakout,trailing_15pct,unknown,63,0.2857142857142857,0.2153492063492056,13.566999999999952
squeeze_breakout,trailing_5pct,unknown,63,0.25396825396825395,-1.7189984126984126,-108.2969
stoch_oversold,atr_trail_1x,unknown,6,0.16666666666666666,-4.288633333333333,-25.7318
stoch_oversold,atr_trail_2x,unknown,6,0.5,-0.5648499999999999,-3.389099999999999
stoch_oversold,atr_trail_mae_conditional,unknown,6,0.16666666666666666,-4.288633333333333,-25.7318
stoch_oversold,atr_trail_vix_conditional,unknown,6,0.16666666666666666,-4.207183333333333,-25.2431
stoch_oversold,break_even_at_1r,unknown,6,0.16666666666666666,-2.3505,-14.103
stoch_oversold,breakeven_plus_trail,unknown,6,0.5,4.031316666666667,24.187900000000003
stoch_oversold,chandelier_3x,unknown,6,0.0,-2.7262,-16.3572
stoch_oversold,class_time_stop,unknown,6,0.6666666666666666,1.4751,8.8506
stoch_oversold,earnings_blackout,unknown,6,0.5,-8.740983333333334,-52.4459
stoch_oversold,fixed_4r_2r,unknown,6,0.5,9.357850000000001,56.1471
stoch_oversold,hybrid_50pct_target,unknown,6,0.5,-12.2874,-73.7244
stoch_oversold,ma_exit_ema9,unknown,6,0.3333333333333333,-0.4445833333333331,-2.6674999999999986
stoch_oversold,mfe_lockin_trail,unknown,6,0.16666666666666666,-4.288633333333333,-25.7318
stoch_oversold,multi_tier_partial,unknown,6,0.3333333333333333,-3.1473833333333334,-18.8843
stoch_oversold,next_pivot_target,unknown,6,0.6666666666666666,4.700083333333333,28.200499999999998
stoch_oversold,r_multiple_2r,unknown,6,0.16666666666666666,-3.7284666666666673,-22.370800000000003
stoch_oversold,r_multiple_3r,unknown,6,0.16666666666666666,-3.6148666666666665,-21.6892
stoch_oversold,regime_flip,unknown,6,0.5,-5.084033333333333,-30.5042
stoch_oversold,reverse_signal,unknown,6,0.16666666666666666,-4.288633333333333,-25.7318
stoch_oversold,smc_mitigation_zone,unknown,6,0.16666666666666666,-4.288633333333333,-25.7318
stoch_oversold,time_stop_10d,unknown,6,0.5,-2.343783333333333,-14.0627
stoch_oversold,time_stop_20d,unknown,6,0.5,-5.084033333333333,-30.5042
stoch_oversold,trailing_10pct,unknown,6,0.3333333333333333,-0.8005999999999999,-4.803599999999999
stoch_oversold,trailing_15pct,unknown,6,0.3333333333333333,-4.553483333333333,-27.320899999999998
stoch_oversold,trailing_5pct,unknown,6,0.16666666666666666,-2.9431499999999997,-17.6589
stochrsi_overbought_short,atr_trail_1x,unknown,68,0.2647058823529412,-1.716995588235294,-116.7557
stochrsi_overbought_short,atr_trail_2x,unknown,68,0.3235294117647059,-1.5250191176470589,-103.7013
stochrsi_overbought_short,atr_trail_mae_conditional,unknown,68,0.2647058823529412,-1.716995588235294,-116.7557
stochrsi_overbought_short,atr_trail_vix_conditional,unknown,68,0.25,-2.0169970588235295,-137.1558
stochrsi_overbought_short,break_even_at_1r,unknown,68,0.10294117647058823,-1.362744117647059,-92.6666
stochrsi_overbought_short,breakeven_plus_trail,unknown,68,0.39705882352941174,1.9199617647058824,130.5574
stochrsi_overbought_short,chandelier_3x,unknown,68,0.029411764705882353,-0.6070838235294117,-41.281699999999994
stochrsi_overbought_short,class_time_stop,unknown,68,0.5441176470588235,0.41698676470588236,28.3551
stochrsi_overbought_short,earnings_blackout,unknown,68,0.5147058823529411,-11.867249999999999,-806.973
stochrsi_overbought_short,fixed_4r_2r,unknown,68,0.3382352941176471,-0.38945294117647045,-26.48279999999999
stochrsi_overbought_short,hybrid_50pct_target,unknown,68,0.8676470588235294,-3.087070588235294,-209.92079999999999
stochrsi_overbought_short,ma_exit_ema9,unknown,68,0.38235294117647056,-0.9552852941176471,-64.9594
stochrsi_overbought_short,mfe_lockin_trail,unknown,68,0.2647058823529412,-1.7841058823529412,-121.3192
stochrsi_overbought_short,multi_tier_partial,unknown,68,0.38235294117647056,-1.2954044117647059,-88.0875
stochrsi_overbought_short,next_pivot_target,unknown,68,0.7205882352941176,-1.6311735294117646,-110.9198
stochrsi_overbought_short,r_multiple_2r,unknown,68,0.3088235294117647,-0.6296308823529411,-42.814899999999994
stochrsi_overbought_short,r_multiple_3r,unknown,68,0.2647058823529412,-0.18586911764705888,-12.639100000000004
stochrsi_overbought_short,regime_flip,unknown,68,0.5882352941176471,0.40693235294117647,27.6714
stochrsi_overbought_short,reverse_signal,unknown,68,0.2647058823529412,-1.716995588235294,-116.7557
stochrsi_overbought_short,smc_mitigation_zone,unknown,68,0.2647058823529412,-1.716995588235294,-116.7557
stochrsi_overbought_short,time_stop_10d,unknown,68,0.47058823529411764,-1.5079632352941177,-102.5415
stochrsi_overbought_short,time_stop_20d,unknown,68,0.5882352941176471,0.40693235294117647,27.6714
stochrsi_overbought_short,trailing_10pct,unknown,68,0.3382352941176471,-1.0558970588235295,-71.801
stochrsi_overbought_short,trailing_15pct,unknown,68,0.39705882352941174,-0.7261647058823532,-49.37920000000001
stochrsi_overbought_short,trailing_5pct,unknown,68,0.27941176470588236,-1.3258720588235295,-90.1593
stochrsi_oversold,atr_trail_1x,unknown,214,0.21495327102803738,-2.1771668224299066,-465.9137
stochrsi_oversold,atr_trail_2x,unknown,214,0.3691588785046729,-0.06666682242990654,-14.2667
stochrsi_oversold,atr_trail_mae_conditional,unknown,214,0.21495327102803738,-2.1771668224299066,-465.9137
stochrsi_oversold,atr_trail_vix_conditional,unknown,214,0.24766355140186916,-0.9823822429906542,-210.2298
stochrsi_oversold,break_even_at_1r,unknown,214,0.14485981308411214,-1.6094817757009345,-344.4291
stochrsi_oversold,breakeven_plus_trail,unknown,214,0.43457943925233644,3.606358878504673,771.7608
stochrsi_oversold,chandelier_3x,unknown,214,0.04205607476635514,-0.5698864485981309,-121.95570000000001
stochrsi_oversold,class_time_stop,unknown,214,0.5233644859813084,-0.6850771028037385,-146.60650000000004
stochrsi_oversold,earnings_blackout,unknown,214,0.49065420560747663,1.1625158878504676,248.77840000000003
stochrsi_oversold,fixed_4r_2r,unknown,214,0.35046728971962615,0.03720093457943919,7.960999999999987
stochrsi_oversold,hybrid_50pct_target,unknown,214,0.514018691588785,-9.338284112149534,-1998.3928
stochrsi_oversold,ma_exit_ema9,unknown,214,0.3317757009345794,-0.5853953271028037,-125.27459999999999
stochrsi_oversold,mfe_lockin_trail,unknown,214,0.21962616822429906,-2.0831780373831776,-445.8001
stochrsi_oversold,multi_tier_partial,unknown,214,0.35514018691588783,-1.653638785046729,-353.8787
stochrsi_oversold,next_pivot_target,unknown,214,0.6728971962616822,-0.5174831775700934,-110.7414
stochrsi_oversold,r_multiple_2r,unknown,214,0.2897196261682243,-0.5166579439252337,-110.5648
stochrsi_oversold,r_multiple_3r,unknown,214,0.22897196261682243,-0.5517299065420561,-118.0702
stochrsi_oversold,regime_flip,unknown,214,0.5373831775700935,-0.6693364485981308,-143.238
stochrsi_oversold,reverse_signal,unknown,214,0.21495327102803738,-2.1771668224299066,-465.9137
stochrsi_oversold,smc_mitigation_zone,unknown,214,0.21495327102803738,-2.1771668224299066,-465.9137
stochrsi_oversold,time_stop_10d,unknown,214,0.4953271028037383,0.023259345794392632,4.977500000000023
stochrsi_oversold,time_stop_20d,unknown,214,0.5373831775700935,-0.6693364485981308,-143.238
stochrsi_oversold,trailing_10pct,unknown,214,0.3037383177570093,-1.2577271028037382,-269.1536
stochrsi_oversold,trailing_15pct,unknown,214,0.3364485981308411,-1.0740682242990653,-229.8506
stochrsi_oversold,trailing_5pct,unknown,214,0.26635514018691586,-1.7314803738317757,-370.53679999999997
supertrend_macd,atr_trail_1x,unknown,97,0.20618556701030927,-1.5275175257731957,-148.1692
supertrend_macd,atr_trail_2x,unknown,97,0.3402061855670103,-0.5776979381443299,-56.0367
supertrend_macd,atr_trail_mae_conditional,unknown,97,0.20618556701030927,-1.5275175257731957,-148.1692
supertrend_macd,atr_trail_vix_conditional,unknown,97,0.20618556701030927,-1.9915938144329897,-193.1846
supertrend_macd,break_even_at_1r,unknown,97,0.14432989690721648,-0.9054938144329896,-87.8329
supertrend_macd,breakeven_plus_trail,unknown,97,0.3917525773195876,8.153524742268042,790.8919
supertrend_macd,chandelier_3x,unknown,97,0.18556701030927836,-1.2364257731958763,-119.9333
supertrend_macd,class_time_stop,unknown,97,0.5051546391752577,0.05441134020618513,5.277899999999957
supertrend_macd,earnings_blackout,unknown,97,0.4845360824742268,3.260547422680412,316.27309999999994
supertrend_macd,fixed_4r_2r,unknown,97,0.35051546391752575,1.306201030927835,126.7015
supertrend_macd,hybrid_50pct_target,unknown,97,0.4845360824742268,1.323977319587629,128.4258
supertrend_macd,ma_exit_ema9,unknown,97,0.38144329896907214,-0.40197628865979385,-38.9917
supertrend_macd,mfe_lockin_trail,unknown,97,0.21649484536082475,-1.581317525773196,-153.3878
supertrend_macd,multi_tier_partial,unknown,97,0.422680412371134,-0.8779876288659794,-85.1648
supertrend_macd,next_pivot_target,unknown,97,0.8144329896907216,1.1605494845360824,112.57329999999999
supertrend_macd,r_multiple_2r,unknown,97,0.31958762886597936,-0.6373288659793814,-61.820899999999995
supertrend_macd,r_multiple_3r,unknown,97,0.26804123711340205,-0.18644432989690723,-18.0851
supertrend_macd,regime_flip,unknown,97,0.4536082474226804,-0.35147010309278354,-34.092600000000004
supertrend_macd,reverse_signal,unknown,97,0.20618556701030927,-1.5275175257731957,-148.1692
supertrend_macd,smc_mitigation_zone,unknown,97,0.20618556701030927,-1.5275175257731957,-148.1692
supertrend_macd,time_stop_10d,unknown,97,0.5257731958762887,0.9169938144329898,88.9484
supertrend_macd,time_stop_20d,unknown,97,0.4536082474226804,-0.35147010309278354,-34.092600000000004
supertrend_macd,trailing_10pct,unknown,97,0.23711340206185566,-1.6490474226804126,-159.9576
supertrend_macd,trailing_15pct,unknown,97,0.28865979381443296,1.1247185567010312,109.09770000000002
supertrend_macd,trailing_5pct,unknown,97,0.26804123711340205,-1.635722680412371,-158.6651
tema_dema,atr_trail_1x,unknown,89,0.25842696629213485,-1.0374235955056181,-92.33070000000001
tema_dema,atr_trail_2x,unknown,89,0.42696629213483145,1.808685393258427,160.973
tema_dema,atr_trail_mae_conditional,unknown,89,0.25842696629213485,-1.0374235955056181,-92.33070000000001
tema_dema,atr_trail_vix_conditional,unknown,89,0.29213483146067415,-0.46914719101123603,-41.75410000000001
tema_dema,break_even_at_1r,unknown,89,0.12359550561797752,-0.8183067415730336,-72.82929999999999
tema_dema,breakeven_plus_trail,unknown,89,0.42696629213483145,4.428279775280899,394.1169
tema_dema,chandelier_3x,unknown,89,0.2808988764044944,1.2508370786516854,111.3245
tema_dema,class_time_stop,unknown,89,0.48314606741573035,0.40033483146067417,35.6298
tema_dema,earnings_blackout,unknown,89,0.5393258426966292,-3.838065168539326,-341.5878
tema_dema,fixed_4r_2r,unknown,89,0.449438202247191,3.728702247191011,331.8545
tema_dema,hybrid_50pct_target,unknown,89,0.5955056179775281,-4.799142696629214,-427.1237
tema_dema,ma_exit_ema9,unknown,89,0.3595505617977528,0.09382921348314613,8.350800000000005
tema_dema,mfe_lockin_trail,unknown,89,0.25842696629213485,-1.353747191011236,-120.4835
tema_dema,multi_tier_partial,unknown,89,0.449438202247191,-0.49128764044943823,-43.7246
tema_dema,next_pivot_target,unknown,89,0.7752808988764045,1.3106629213483145,116.649
tema_dema,r_multiple_2r,unknown,89,0.39325842696629215,1.0642123595505617,94.7149
tema_dema,r_multiple_3r,unknown,89,0.3146067415730337,2.00208202247191,178.18529999999998
tema_dema,regime_flip,unknown,89,0.5056179775280899,1.1865415730337079,105.6022
tema_dema,reverse_signal,unknown,89,0.25842696629213485,-1.0374235955056181,-92.33070000000001
tema_dema,smc_mitigation_zone,unknown,89,0.25842696629213485,-1.0374235955056181,-92.33070000000001
tema_dema,time_stop_10d,unknown,89,0.5617977528089888,1.7790629213483147,158.3366
tema_dema,time_stop_20d,unknown,89,0.5056179775280899,1.1865415730337079,105.6022
tema_dema,trailing_10pct,unknown,89,0.38202247191011235,0.1671606741573034,14.877300000000004
tema_dema,trailing_15pct,unknown,89,0.3707865168539326,1.0687966292134832,95.1229
tema_dema,trailing_5pct,unknown,89,0.30337078651685395,-0.4451449438202247,-39.6179
three_white_soldiers,atr_trail_1x,unknown,83,0.39759036144578314,-0.8306204819277109,-68.9415
three_white_soldiers,atr_trail_2x,unknown,83,0.40963855421686746,-0.31724578313253016,-26.331400000000002
three_white_soldiers,atr_trail_mae_conditional,unknown,83,0.39759036144578314,-0.8306204819277109,-68.9415
three_white_soldiers,atr_trail_vix_conditional,unknown,83,0.30120481927710846,-1.9619939759036142,-162.8455
three_white_soldiers,break_even_at_1r,unknown,83,0.1927710843373494,-0.986922891566265,-81.9146
three_white_soldiers,breakeven_plus_trail,unknown,83,0.3614457831325301,0.9578072289156625,79.49799999999999
three_white_soldiers,chandelier_3x,unknown,83,0.21686746987951808,0.4822746987951809,40.02880000000002
three_white_soldiers,class_time_stop,unknown,83,0.4457831325301205,-0.6869975903614457,-57.020799999999994
three_white_soldiers,earnings_blackout,unknown,83,0.4819277108433735,2.07198313253012,171.97459999999998
three_white_soldiers,fixed_4r_2r,unknown,83,0.3493975903614458,-0.6888072289156626,-57.171
three_white_soldiers,hybrid_50pct_target,unknown,83,0.46987951807228917,0.18265421686746983,15.160299999999996
three_white_soldiers,ma_exit_ema9,unknown,83,0.37349397590361444,0.03311084337349394,2.7481999999999966
three_white_soldiers,mfe_lockin_trail,unknown,83,0.39759036144578314,-0.8362807228915662,-69.4113
three_white_soldiers,multi_tier_partial,unknown,83,0.4939759036144578,-0.36259277108433735,-30.0952
three_white_soldiers,next_pivot_target,unknown,83,0.7951807228915663,1.334156626506024,110.735
three_white_soldiers,r_multiple_2r,unknown,83,0.42168674698795183,0.3631903614457831,30.144799999999996
three_white_soldiers,r_multiple_3r,unknown,83,0.3373493975903614,0.7867602409638553,65.30109999999999
three_white_soldiers,regime_flip,unknown,83,0.4578313253012048,-0.3389421686746988,-28.1322
three_white_soldiers,reverse_signal,unknown,83,0.39759036144578314,-0.8306204819277109,-68.9415
three_white_soldiers,smc_mitigation_zone,unknown,83,0.39759036144578314,-0.8306204819277109,-68.9415
three_white_soldiers,time_stop_10d,unknown,83,0.5060240963855421,0.3157734939759036,26.2092
three_white_soldiers,time_stop_20d,unknown,83,0.4578313253012048,-0.3389421686746988,-28.1322
three_white_soldiers,trailing_10pct,unknown,83,0.37349397590361444,-0.7830421686746987,-64.99249999999999
three_white_soldiers,trailing_15pct,unknown,83,0.3132530120481928,-2.113477108433735,-175.4186
three_white_soldiers,trailing_5pct,unknown,83,0.37349397590361444,0.4115554216867469,34.159099999999995
ultimate_oscillator,atr_trail_1x,unknown,84,0.2976190476190476,-1.4891345238095237,-125.0873
ultimate_oscillator,atr_trail_2x,unknown,84,0.38095238095238093,-1.2225440476190477,-102.6937
ultimate_oscillator,atr_trail_mae_conditional,unknown,84,0.2976190476190476,-1.4891345238095237,-125.0873
ultimate_oscillator,atr_trail_vix_conditional,unknown,84,0.2976190476190476,-1.6323880952380951,-137.1206
ultimate_oscillator,break_even_at_1r,unknown,84,0.19047619047619047,-0.2510797619047619,-21.0907
ultimate_oscillator,breakeven_plus_trail,unknown,84,0.4166666666666667,2.0050392857142856,168.42329999999998
ultimate_oscillator,chandelier_3x,unknown,84,0.023809523809523808,-0.29986904761904765,-25.189
ultimate_oscillator,class_time_stop,unknown,84,0.47619047619047616,-0.8116607142857143,-68.1795
ultimate_oscillator,earnings_blackout,unknown,84,0.5714285714285714,7.0007369047619035,588.0618999999999
ultimate_oscillator,fixed_4r_2r,unknown,84,0.4166666666666667,0.47038928571428573,39.5127
ultimate_oscillator,hybrid_50pct_target,unknown,84,0.5476190476190477,-0.5700821428571425,-47.886899999999976
ultimate_oscillator,ma_exit_ema9,unknown,84,0.44047619047619047,0.20336547619047612,17.082699999999996
ultimate_oscillator,mfe_lockin_trail,unknown,84,0.2976190476190476,-1.4933964285714285,-125.4453
ultimate_oscillator,multi_tier_partial,unknown,84,0.47619047619047616,-0.785172619047619,-65.9545
ultimate_oscillator,next_pivot_target,unknown,84,0.5952380952380952,-0.3673976190476191,-30.861400000000003
ultimate_oscillator,r_multiple_2r,unknown,84,0.4166666666666667,1.2470964285714286,104.75609999999999
ultimate_oscillator,r_multiple_3r,unknown,84,0.32142857142857145,0.42411071428571423,35.625299999999996
ultimate_oscillator,regime_flip,unknown,84,0.5357142857142857,0.030210714285714275,2.537699999999999
ultimate_oscillator,reverse_signal,unknown,84,0.2976190476190476,-1.4891345238095237,-125.0873
ultimate_oscillator,smc_mitigation_zone,unknown,84,0.2976190476190476,-1.4891345238095237,-125.0873
ultimate_oscillator,time_stop_10d,unknown,84,0.5119047619047619,1.0763166666666666,90.41059999999999
ultimate_oscillator,time_stop_20d,unknown,84,0.5357142857142857,0.030210714285714275,2.537699999999999
ultimate_oscillator,trailing_10pct,unknown,84,0.35714285714285715,0.36914166666666676,31.007900000000006
ultimate_oscillator,trailing_15pct,unknown,84,0.32142857142857145,-0.3725869047619047,-31.297299999999993
ultimate_oscillator,trailing_5pct,unknown,84,0.27380952380952384,-1.04885,-88.10340000000001
vix_backwardation_long,atr_trail_1x,unknown,5,0.4,0.3985199999999999,1.9925999999999995
vix_backwardation_long,atr_trail_2x,unknown,5,0.4,-2.76314,-13.8157
vix_backwardation_long,atr_trail_mae_conditional,unknown,5,0.4,0.3985199999999999,1.9925999999999995
vix_backwardation_long,atr_trail_vix_conditional,unknown,5,0.4,-0.7276,-3.638
vix_backwardation_long,break_even_at_1r,unknown,5,0.4,-0.9993800000000002,-4.996900000000001
vix_backwardation_long,breakeven_plus_trail,unknown,5,0.4,-2.16908,-10.8454
vix_backwardation_long,chandelier_3x,unknown,5,0.0,-2.74528,-13.7264
vix_backwardation_long,class_time_stop,unknown,5,1.0,25.584,127.92
vix_backwardation_long,earnings_blackout,unknown,5,0.8,16.73298,83.6649
vix_backwardation_long,fixed_4r_2r,unknown,5,0.4,0.9306399999999997,4.653199999999998
vix_backwardation_long,hybrid_50pct_target,unknown,5,0.6,7.443879999999998,37.21939999999999
vix_backwardation_long,ma_exit_ema9,unknown,5,0.2,-4.06502,-20.3251
vix_backwardation_long,mfe_lockin_trail,unknown,5,0.4,0.15328000000000017,0.7664000000000009
vix_backwardation_long,multi_tier_partial,unknown,5,0.4,0.15404,0.7702
vix_backwardation_long,next_pivot_target,unknown,5,0.6,1.2734599999999996,6.367299999999998
vix_backwardation_long,r_multiple_2r,unknown,5,0.4,0.8433599999999997,4.216799999999998
vix_backwardation_long,r_multiple_3r,unknown,5,0.4,2.3524399999999996,11.762199999999998
vix_backwardation_long,regime_flip,unknown,5,0.8,9.931799999999999,49.659
vix_backwardation_long,reverse_signal,unknown,5,0.4,0.3985199999999999,1.9925999999999995
vix_backwardation_long,smc_mitigation_zone,unknown,5,0.4,0.3985199999999999,1.9925999999999995
vix_backwardation_long,time_stop_10d,unknown,5,0.8,6.10386,30.5193
vix_backwardation_long,time_stop_20d,unknown,5,0.8,9.931799999999999,49.659
vix_backwardation_long,trailing_10pct,unknown,5,0.4,-3.3364599999999998,-16.682299999999998
vix_backwardation_long,trailing_15pct,unknown,5,0.4,-6.2079,-31.0395
vix_backwardation_long,trailing_5pct,unknown,5,0.4,0.6967400000000001,3.4837000000000007
williams_r_oversold,atr_trail_1x,unknown,138,0.2753623188405797,-1.6693340579710145,-230.3681
williams_r_oversold,atr_trail_2x,unknown,138,0.4057971014492754,2.0024195652173913,276.33389999999997
williams_r_oversold,atr_trail_mae_conditional,unknown,138,0.2753623188405797,-1.6693340579710145,-230.3681
williams_r_oversold,atr_trail_vix_conditional,unknown,138,0.2536231884057971,0.05742608695652174,7.924799999999999
williams_r_oversold,break_even_at_1r,unknown,138,0.17391304347826086,-0.7116456521739131,-98.2071
williams_r_oversold,breakeven_plus_trail,unknown,138,0.42028985507246375,6.081221739130435,839.2086
williams_r_oversold,chandelier_3x,unknown,138,0.028985507246376812,-0.7973007246376812,-110.0275
williams_r_oversold,class_time_stop,unknown,138,0.5289855072463768,3.0760166666666664,424.4903
williams_r_oversold,earnings_blackout,unknown,138,0.4927536231884058,4.153189130434782,573.1401
williams_r_oversold,fixed_4r_2r,unknown,138,0.3695652173913043,1.2236239130434783,168.8601
williams_r_oversold,hybrid_50pct_target,unknown,138,0.6231884057971014,-5.372921014492754,-741.4631
williams_r_oversold,ma_exit_ema9,unknown,138,0.4492753623188406,-0.32160869565217387,-44.382
williams_r_oversold,mfe_lockin_trail,unknown,138,0.2898550724637681,-1.6065384057971015,-221.7023
williams_r_oversold,multi_tier_partial,unknown,138,0.391304347826087,-0.9460891304347827,-130.5603
williams_r_oversold,next_pivot_target,unknown,138,0.717391304347826,0.1579586956521739,21.7983
williams_r_oversold,r_multiple_2r,unknown,138,0.36231884057971014,0.8460471014492754,116.75450000000001
williams_r_oversold,r_multiple_3r,unknown,138,0.2608695652173913,0.34594782608695657,47.74080000000001
williams_r_oversold,regime_flip,unknown,138,0.5289855072463768,2.9514717391304344,407.3031
williams_r_oversold,reverse_signal,unknown,138,0.6086956521739131,3.163146376811594,436.5142
williams_r_oversold,smc_mitigation_zone,unknown,138,0.2753623188405797,-1.6693340579710145,-230.3681
williams_r_oversold,time_stop_10d,unknown,138,0.5507246376811594,1.3180746376811594,181.8943
williams_r_oversold,time_stop_20d,unknown,138,0.5289855072463768,2.9514717391304344,407.3031
williams_r_oversold,trailing_10pct,unknown,138,0.36231884057971014,1.490160869565217,205.64219999999997
williams_r_oversold,trailing_15pct,unknown,138,0.4492753623188406,4.187384782608696,577.8591
williams_r_oversold,trailing_5pct,unknown,138,0.21739130434782608,-2.1064333333333334,-290.6878
williams_stoch_dual,atr_trail_1x,unknown,29,0.20689655172413793,-0.8979344827586206,-26.0401
williams_stoch_dual,atr_trail_2x,unknown,29,0.3793103448275862,0.8632448275862067,25.034099999999995
williams_stoch_dual,atr_trail_mae_conditional,unknown,29,0.20689655172413793,-0.8979344827586206,-26.0401
williams_stoch_dual,atr_trail_vix_conditional,unknown,29,0.20689655172413793,-1.2975275862068965,-37.628299999999996
williams_stoch_dual,break_even_at_1r,unknown,29,0.13793103448275862,-0.7384344827586207,-21.4146
williams_stoch_dual,breakeven_plus_trail,unknown,29,0.3103448275862069,2.0876103448275862,60.5407
williams_stoch_dual,chandelier_3x,unknown,29,0.034482758620689655,0.11028620689655172,3.1982999999999997
williams_stoch_dual,class_time_stop,unknown,29,0.4827586206896552,-1.3165586206896551,-38.1802
williams_stoch_dual,earnings_blackout,unknown,29,0.4827586206896552,5.412662068965518,156.96720000000002
williams_stoch_dual,fixed_4r_2r,unknown,29,0.2413793103448276,-2.3769448275862066,-68.9314
williams_stoch_dual,hybrid_50pct_target,unknown,29,0.7241379310344828,-10.241362068965518,-296.9995
williams_stoch_dual,ma_exit_ema9,unknown,29,0.20689655172413793,-0.9552620689655171,-27.702599999999997
williams_stoch_dual,mfe_lockin_trail,unknown,29,0.20689655172413793,-0.792506896551724,-22.982699999999998
williams_stoch_dual,multi_tier_partial,unknown,29,0.3793103448275862,-0.4846275862068965,-14.054199999999998
williams_stoch_dual,next_pivot_target,unknown,29,0.8620689655172413,0.7771137931034482,22.536299999999997
williams_stoch_dual,r_multiple_2r,unknown,29,0.3103448275862069,-0.6469103448275862,-18.7604
williams_stoch_dual,r_multiple_3r,unknown,29,0.2413793103448276,-1.4552344827586206,-42.2018
williams_stoch_dual,regime_flip,unknown,29,0.41379310344827586,-1.0574965517241381,-30.667400000000008
williams_stoch_dual,reverse_signal,unknown,29,0.20689655172413793,-0.8979344827586206,-26.0401
williams_stoch_dual,smc_mitigation_zone,unknown,29,0.20689655172413793,-0.8979344827586206,-26.0401
williams_stoch_dual,time_stop_10d,unknown,29,0.4482758620689655,-2.511989655172414,-72.8477
williams_stoch_dual,time_stop_20d,unknown,29,0.41379310344827586,-1.0574965517241381,-30.667400000000008
williams_stoch_dual,trailing_10pct,unknown,29,0.27586206896551724,-2.0875,-60.5375
williams_stoch_dual,trailing_15pct,unknown,29,0.3103448275862069,-3.6943,-107.13470000000001
williams_stoch_dual,trailing_5pct,unknown,29,0.3448275862068966,0.10465862068965517,3.0351
xs_low_beta_long,atr_trail_1x,unknown,213,0.2535211267605634,-1.075644131455399,-229.1122
xs_low_beta_long,atr_trail_2x,unknown,213,0.3333333333333333,-0.42628591549295775,-90.7989
xs_low_beta_long,atr_trail_mae_conditional,unknown,213,0.2535211267605634,-1.075644131455399,-229.1122
xs_low_beta_long,atr_trail_vix_conditional,unknown,213,0.29107981220657275,-0.31729765258215964,-67.5844
xs_low_beta_long,break_even_at_1r,unknown,213,0.08450704225352113,-0.7549032863849765,-160.7944
xs_low_beta_long,breakeven_plus_trail,unknown,213,0.2112676056338028,1.928962441314554,410.869
xs_low_beta_long,chandelier_3x,unknown,213,0.16901408450704225,-0.6648145539906104,-141.6055
xs_low_beta_long,class_time_stop,unknown,213,0.5164319248826291,0.10021126760563383,21.345000000000006
xs_low_beta_long,earnings_blackout,unknown,213,0.5727699530516432,6.011884037558686,1280.5313
xs_low_beta_long,fixed_4r_2r,unknown,213,0.3286384976525822,-0.06932112676056333,-14.765399999999989
xs_low_beta_long,hybrid_50pct_target,unknown,213,0.6197183098591549,1.2921239436619718,275.2224
xs_low_beta_long,ma_exit_ema9,unknown,213,0.3333333333333333,-0.17849624413145543,-38.01970000000001
xs_low_beta_long,mfe_lockin_trail,unknown,213,0.25821596244131456,-1.0441957746478874,-222.4137
xs_low_beta_long,multi_tier_partial,unknown,213,0.3755868544600939,-0.7801544600938967,-166.1729
xs_low_beta_long,next_pivot_target,unknown,213,0.784037558685446,-0.018752112676056323,-3.994199999999997
xs_low_beta_long,r_multiple_2r,unknown,213,0.29577464788732394,-0.34355915492957745,-73.1781
xs_low_beta_long,r_multiple_3r,unknown,213,0.24413145539906103,-0.04525352112676054,-9.638999999999994
xs_low_beta_long,regime_flip,unknown,213,0.5211267605633803,0.3546230046948356,75.53469999999999
xs_low_beta_long,reverse_signal,unknown,213,0.2535211267605634,-1.075644131455399,-229.1122
xs_low_beta_long,smc_mitigation_zone,unknown,213,0.2535211267605634,-1.075644131455399,-229.1122
xs_low_beta_long,time_stop_10d,unknown,213,0.5305164319248826,0.38473098591549293,81.9477
xs_low_beta_long,time_stop_20d,unknown,213,0.5211267605633803,0.3546230046948356,75.53469999999999
xs_low_beta_long,trailing_10pct,unknown,213,0.3333333333333333,0.045204225352112694,9.628500000000004
xs_low_beta_long,trailing_15pct,unknown,213,0.3474178403755869,3.597011737089202,766.1635
xs_low_beta_long,trailing_5pct,unknown,213,0.3380281690140845,-0.856312676056338,-182.3946
xs_momentum_bottom_decile_short,atr_trail_1x,unknown,425,0.2376470588235294,-2.8119595294117645,-1195.0828
xs_momentum_bottom_decile_short,atr_trail_2x,unknown,425,0.32235294117647056,-4.0808312941176474,-1734.3533
xs_momentum_bottom_decile_short,atr_trail_mae_conditional,unknown,425,0.2376470588235294,-2.8119595294117645,-1195.0828
xs_momentum_bottom_decile_short,atr_trail_vix_conditional,unknown,425,0.26588235294117646,-2.954928705882353,-1255.8446999999999
xs_momentum_bottom_decile_short,break_even_at_1r,unknown,425,0.2235294117647059,-2.4997150588235293,-1062.3789
xs_momentum_bottom_decile_short,breakeven_plus_trail,unknown,425,0.5105882352941177,0.323176705882353,137.35010000000003
xs_momentum_bottom_decile_short,chandelier_3x,unknown,425,0.19058823529411764,-3.732358823529412,-1586.2525
xs_momentum_bottom_decile_short,class_time_stop,unknown,425,0.4682352941176471,-7.7553284705882355,-3296.0146
xs_momentum_bottom_decile_short,earnings_blackout,unknown,425,0.42823529411764705,-11.564559529411763,-4914.9378
xs_momentum_bottom_decile_short,fixed_4r_2r,unknown,425,0.2376470588235294,-6.4978545882352945,-2761.5882
xs_momentum_bottom_decile_short,hybrid_50pct_target,unknown,425,0.7482352941176471,-36.864678352941176,-15667.4883
xs_momentum_bottom_decile_short,ma_exit_ema9,unknown,425,0.3341176470588235,-1.8857305882352942,-801.4355
xs_momentum_bottom_decile_short,mfe_lockin_trail,unknown,425,0.2376470588235294,-2.712602588235294,-1152.8561
xs_momentum_bottom_decile_short,multi_tier_partial,unknown,425,0.38588235294117645,-2.070083764705882,-879.7855999999999
xs_momentum_bottom_decile_short,next_pivot_target,unknown,425,0.691764705882353,-1.5770736470588236,-670.2563
xs_momentum_bottom_decile_short,r_multiple_2r,unknown,425,0.2752941176470588,-2.1311091764705883,-905.7214
xs_momentum_bottom_decile_short,r_multiple_3r,unknown,425,0.17411764705882352,-3.476809882352941,-1477.6442
xs_momentum_bottom_decile_short,regime_flip,unknown,425,0.47058823529411764,-6.156720941176471,-2616.6064
xs_momentum_bottom_decile_short,reverse_signal,unknown,425,0.2376470588235294,-2.8119595294117645,-1195.0828
xs_momentum_bottom_decile_short,smc_mitigation_zone,unknown,425,0.2376470588235294,-2.8119595294117645,-1195.0828
xs_momentum_bottom_decile_short,time_stop_10d,unknown,425,0.4776470588235294,-3.0895044705882357,-1313.0394000000001
xs_momentum_bottom_decile_short,time_stop_20d,unknown,425,0.47058823529411764,-6.156720941176471,-2616.6064
xs_momentum_bottom_decile_short,trailing_10pct,unknown,425,0.30117647058823527,-2.4828759999999996,-1055.2223
xs_momentum_bottom_decile_short,trailing_15pct,unknown,425,0.31058823529411766,-3.611829647058824,-1535.0276000000001
xs_momentum_bottom_decile_short,trailing_5pct,unknown,425,0.17647058823529413,-2.0785877647058824,-883.3998
xs_momentum_top_decile,atr_trail_1x,unknown,71,0.2112676056338028,-1.4881591549295774,-105.6593
xs_momentum_top_decile,atr_trail_2x,unknown,71,0.352112676056338,-0.6419014084507043,-45.575
xs_momentum_top_decile,atr_trail_mae_conditional,unknown,71,0.2112676056338028,-1.4881591549295774,-105.6593
xs_momentum_top_decile,atr_trail_vix_conditional,unknown,71,0.23943661971830985,-0.6626774647887325,-47.05010000000001
xs_momentum_top_decile,break_even_at_1r,unknown,71,0.16901408450704225,-0.7296718309859156,-51.806700000000006
xs_momentum_top_decile,breakeven_plus_trail,unknown,71,0.4507042253521127,3.4544267605633805,245.26430000000002
xs_momentum_top_decile,chandelier_3x,unknown,71,0.19718309859154928,-0.19626056338028172,-13.934500000000002
xs_momentum_top_decile,class_time_stop,unknown,71,0.5211267605633803,3.577291549295775,253.98770000000002
xs_momentum_top_decile,earnings_blackout,unknown,71,0.5352112676056338,3.0406971830985916,215.8895
xs_momentum_top_decile,fixed_4r_2r,unknown,71,0.3380281690140845,-0.4375450704225352,-31.0657
xs_momentum_top_decile,hybrid_50pct_target,unknown,71,0.4647887323943662,0.2090605633802816,14.843299999999992
xs_momentum_top_decile,ma_exit_ema9,unknown,71,0.2676056338028169,-0.5003281690140846,-35.523300000000006
xs_momentum_top_decile,mfe_lockin_trail,unknown,71,0.2112676056338028,-1.4489704225352111,-102.87689999999999
xs_momentum_top_decile,multi_tier_partial,unknown,71,0.352112676056338,-1.2017112676056338,-85.3215
xs_momentum_top_decile,next_pivot_target,unknown,71,0.7323943661971831,-0.41794929577464796,-29.674400000000006
xs_momentum_top_decile,r_multiple_2r,unknown,71,0.30985915492957744,0.33670140845070423,23.9058
xs_momentum_top_decile,r_multiple_3r,unknown,71,0.2535211267605634,0.5352760563380281,38.004599999999996
xs_momentum_top_decile,regime_flip,unknown,71,0.5633802816901409,2.99366338028169,212.5501
xs_momentum_top_decile,reverse_signal,unknown,71,0.2112676056338028,-1.4881591549295774,-105.6593
xs_momentum_top_decile,smc_mitigation_zone,unknown,71,0.2112676056338028,-1.4881591549295774,-105.6593
xs_momentum_top_decile,time_stop_10d,unknown,71,0.5211267605633803,2.0456028169014084,145.2378
xs_momentum_top_decile,time_stop_20d,unknown,71,0.5633802816901409,2.99366338028169,212.5501
xs_momentum_top_decile,trailing_10pct,unknown,71,0.4225352112676056,-1.1747676056338028,-83.4085
xs_momentum_top_decile,trailing_15pct,unknown,71,0.2676056338028169,-3.5487774647887322,-251.9632
xs_momentum_top_decile,trailing_5pct,unknown,71,0.22535211267605634,-1.701169014084507,-120.783
xs_quality_top_quintile_long,atr_trail_1x,unknown,125,0.312,-1.0937792,-136.7224
xs_quality_top_quintile_long,atr_trail_2x,unknown,125,0.376,0.35936479999999993,44.92059999999999
xs_quality_top_quintile_long,atr_trail_mae_conditional,unknown,125,0.312,-1.0937792,-136.7224
xs_quality_top_quintile_long,atr_trail_vix_conditional,unknown,125,0.32,-0.9169328,-114.6166
xs_quality_top_quintile_long,break_even_at_1r,unknown,125,0.128,-1.680916,-210.11450000000002
xs_quality_top_quintile_long,breakeven_plus_trail,unknown,125,0.424,3.6688968,458.6121
xs_quality_top_quintile_long,chandelier_3x,unknown,125,0.176,-0.8110008000000001,-101.3751
xs_quality_top_quintile_long,class_time_stop,unknown,125,0.512,1.2861416,160.76770000000002
xs_quality_top_quintile_long,earnings_blackout,unknown,125,0.496,-1.0421399999999996,-130.26749999999996
xs_quality_top_quintile_long,fixed_4r_2r,unknown,125,0.352,-0.5120999999999998,-64.01249999999997
xs_quality_top_quintile_long,hybrid_50pct_target,unknown,125,0.528,2.3378143999999996,292.22679999999997
xs_quality_top_quintile_long,ma_exit_ema9,unknown,125,0.416,-0.11012239999999997,-13.765299999999996
xs_quality_top_quintile_long,mfe_lockin_trail,unknown,125,0.312,-0.862908,-107.8635
xs_quality_top_quintile_long,multi_tier_partial,unknown,125,0.4,-0.8535296000000001,-106.69120000000001
xs_quality_top_quintile_long,next_pivot_target,unknown,125,0.744,-0.17706000000000005,-22.132500000000007
xs_quality_top_quintile_long,r_multiple_2r,unknown,125,0.376,0.4523,56.537499999999994
xs_quality_top_quintile_long,r_multiple_3r,unknown,125,0.248,-0.15214800000000006,-19.018500000000007
xs_quality_top_quintile_long,regime_flip,unknown,125,0.512,-0.80034,-100.0425
xs_quality_top_quintile_long,reverse_signal,unknown,125,0.312,-1.0937792,-136.7224
xs_quality_top_quintile_long,smc_mitigation_zone,unknown,125,0.312,-1.0937792,-136.7224
xs_quality_top_quintile_long,time_stop_10d,unknown,125,0.56,1.0439775999999998,130.4972
xs_quality_top_quintile_long,time_stop_20d,unknown,125,0.512,-0.80034,-100.0425
xs_quality_top_quintile_long,trailing_10pct,unknown,125,0.344,0.8217632,102.7204
xs_quality_top_quintile_long,trailing_15pct,unknown,125,0.392,3.3050704,413.1338
xs_quality_top_quintile_long,trailing_5pct,unknown,125,0.32,-0.9079328000000001,-113.4916
