strategy,exit_method,entry_atr_ratio,n,win_rate,avg_pnl_pct,total_pnl_pct
macd_fast_crossover,atr_trail_1x,0.013139511699306236,1,1.0,2.2268,2.2268
macd_fast_crossover,atr_trail_1x,0.015563902104065568,1,0.0,-1.5084,-1.5084
macd_fast_crossover,atr_trail_1x,0.019077900479057833,1,0.0,-1.3062,-1.3062
macd_fast_crossover,atr_trail_1x,0.023878700959104382,1,0.0,-2.3879,-2.3879
macd_fast_crossover,atr_trail_1x,0.025302932947070585,1,0.0,-10.8044,-10.8044
macd_fast_crossover,atr_trail_2x,0.013139511699306236,1,1.0,0.901,0.901
macd_fast_crossover,atr_trail_2x,0.015563902104065568,1,1.0,6.6156,6.6156
macd_fast_crossover,atr_trail_2x,0.019077900479057833,1,0.0,-4.0463,-4.0463
macd_fast_crossover,atr_trail_2x,0.023878700959104382,1,0.0,-4.7757,-4.7757
macd_fast_crossover,atr_trail_2x,0.025302932947070585,1,0.0,-10.8044,-10.8044
macd_fast_crossover,atr_trail_mae_conditional,0.013139511699306236,1,1.0,2.2268,2.2268
macd_fast_crossover,atr_trail_mae_conditional,0.015563902104065568,1,0.0,-1.5084,-1.5084
macd_fast_crossover,atr_trail_mae_conditional,0.019077900479057833,1,0.0,-1.3062,-1.3062
macd_fast_crossover,atr_trail_mae_conditional,0.023878700959104382,1,0.0,-2.3879,-2.3879
macd_fast_crossover,atr_trail_mae_conditional,0.025302932947070585,1,0.0,-10.8044,-10.8044
macd_fast_crossover,atr_trail_vix_conditional,0.013139511699306236,1,1.0,1.5517,1.5517
macd_fast_crossover,atr_trail_vix_conditional,0.015563902104065568,1,0.0,-0.9814,-0.9814
macd_fast_crossover,atr_trail_vix_conditional,0.019077900479057833,1,0.0,-0.8118,-0.8118
macd_fast_crossover,atr_trail_vix_conditional,0.023878700959104382,1,0.0,-1.7909,-1.7909
macd_fast_crossover,atr_trail_vix_conditional,0.025302932947070585,1,0.0,-1.8977,-1.8977
macd_fast_crossover,break_even_at_1r,0.013139511699306236,1,0.0,-0.1815,-0.1815
macd_fast_crossover,break_even_at_1r,0.015563902104065568,1,0.0,-1.5564,-1.5564
macd_fast_crossover,break_even_at_1r,0.019077900479057833,1,0.0,-0.1579,-0.1579
macd_fast_crossover,break_even_at_1r,0.023878700959104382,1,0.0,-2.3879,-2.3879
macd_fast_crossover,break_even_at_1r,0.025302932947070585,1,0.0,-10.8044,-10.8044
macd_fast_crossover,breakeven_plus_trail,0.013139511699306236,1,0.0,0.0,0.0
macd_fast_crossover,breakeven_plus_trail,0.015563902104065568,1,1.0,4.9341,4.9341
macd_fast_crossover,breakeven_plus_trail,0.019077900479057833,1,0.0,-3.8156,-3.8156
macd_fast_crossover,breakeven_plus_trail,0.023878700959104382,1,0.0,-4.7757,-4.7757
macd_fast_crossover,breakeven_plus_trail,0.025302932947070585,1,0.0,-5.0606,-5.0606
macd_fast_crossover,chandelier_3x,0.013139511699306236,1,0.0,-0.1815,-0.1815
macd_fast_crossover,chandelier_3x,0.015563902104065568,1,0.0,-0.1569,-0.1569
macd_fast_crossover,chandelier_3x,0.019077900479057833,1,0.0,-2.4683,-2.4683
macd_fast_crossover,chandelier_3x,0.023878700959104382,1,0.0,-4.8155,-4.8155
macd_fast_crossover,chandelier_3x,0.025302932947070585,1,0.0,-10.8044,-10.8044
macd_fast_crossover,class_time_stop,0.013139511699306236,1,0.0,-6.9263,-6.9263
macd_fast_crossover,class_time_stop,0.015563902104065568,1,1.0,7.5073,7.5073
macd_fast_crossover,class_time_stop,0.019077900479057833,1,1.0,3.9101,3.9101
macd_fast_crossover,class_time_stop,0.023878700959104382,1,0.0,-1.1186,-1.1186
macd_fast_crossover,class_time_stop,0.025302932947070585,1,0.0,-8.2829,-8.2829
macd_fast_crossover,earnings_blackout,0.013139511699306236,1,0.0,-11.6256,-11.6256
macd_fast_crossover,earnings_blackout,0.015563902104065568,1,1.0,0.2988,0.2988
macd_fast_crossover,earnings_blackout,0.019077900479057833,1,0.0,-12.5624,-12.5624
macd_fast_crossover,earnings_blackout,0.023878700959104382,1,0.0,-7.9417,-7.9417
macd_fast_crossover,earnings_blackout,0.025302932947070585,1,0.0,-19.3508,-19.3508
macd_fast_crossover,fixed_4r_2r,0.013139511699306236,1,0.0,-2.6279,-2.6279
macd_fast_crossover,fixed_4r_2r,0.015563902104065568,1,1.0,6.2256,6.2256
macd_fast_crossover,fixed_4r_2r,0.019077900479057833,1,0.0,-4.0463,-4.0463
macd_fast_crossover,fixed_4r_2r,0.023878700959104382,1,0.0,-4.7757,-4.7757
macd_fast_crossover,fixed_4r_2r,0.025302932947070585,1,0.0,-10.8044,-10.8044
macd_fast_crossover,hybrid_50pct_target,0.013139511699306236,1,1.0,1.8802,1.8802
macd_fast_crossover,hybrid_50pct_target,0.015563902104065568,1,1.0,4.8016,4.8016
macd_fast_crossover,hybrid_50pct_target,0.019077900479057833,1,1.0,2.8617,2.8617
macd_fast_crossover,hybrid_50pct_target,0.023878700959104382,1,0.0,-7.9417,-7.9417
macd_fast_crossover,hybrid_50pct_target,0.025302932947070585,1,0.0,-19.3508,-19.3508
macd_fast_crossover,ma_exit_ema9,0.013139511699306236,1,1.0,0.7391,0.7391
macd_fast_crossover,ma_exit_ema9,0.015563902104065568,1,1.0,0.1849,0.1849
macd_fast_crossover,ma_exit_ema9,0.019077900479057833,1,0.0,-0.9362,-0.9362
macd_fast_crossover,ma_exit_ema9,0.023878700959104382,1,0.0,-0.3613,-0.3613
macd_fast_crossover,ma_exit_ema9,0.025302932947070585,1,0.0,-10.8044,-10.8044
macd_fast_crossover,mfe_lockin_trail,0.013139511699306236,1,1.0,2.0061,2.0061
macd_fast_crossover,mfe_lockin_trail,0.015563902104065568,1,0.0,-1.5084,-1.5084
macd_fast_crossover,mfe_lockin_trail,0.019077900479057833,1,0.0,-1.3062,-1.3062
macd_fast_crossover,mfe_lockin_trail,0.023878700959104382,1,0.0,-2.3879,-2.3879
macd_fast_crossover,mfe_lockin_trail,0.025302932947070585,1,0.0,-10.8044,-10.8044
macd_fast_crossover,multi_tier_partial,0.013139511699306236,1,1.0,2.0562,2.0562
macd_fast_crossover,multi_tier_partial,0.015563902104065568,1,0.0,-1.5084,-1.5084
macd_fast_crossover,multi_tier_partial,0.019077900479057833,1,1.0,0.5306,0.5306
macd_fast_crossover,multi_tier_partial,0.023878700959104382,1,0.0,-2.3879,-2.3879
macd_fast_crossover,multi_tier_partial,0.025302932947070585,1,0.0,-10.8044,-10.8044
macd_fast_crossover,next_pivot_target,0.013139511699306236,1,1.0,0.0949,0.0949
macd_fast_crossover,next_pivot_target,0.015563902104065568,1,1.0,0.796,0.796
macd_fast_crossover,next_pivot_target,0.019077900479057833,1,1.0,0.4916,0.4916
macd_fast_crossover,next_pivot_target,0.023878700959104382,1,1.0,0.8261,0.8261
macd_fast_crossover,next_pivot_target,0.025302932947070585,1,0.0,-10.8044,-10.8044
macd_fast_crossover,r_multiple_2r,0.013139511699306236,1,1.0,2.6279,2.6279
macd_fast_crossover,r_multiple_2r,0.015563902104065568,1,0.0,-1.5564,-1.5564
macd_fast_crossover,r_multiple_2r,0.019077900479057833,1,0.0,-1.9078,-1.9078
macd_fast_crossover,r_multiple_2r,0.023878700959104382,1,0.0,-2.3879,-2.3879
macd_fast_crossover,r_multiple_2r,0.025302932947070585,1,0.0,-10.8044,-10.8044
macd_fast_crossover,r_multiple_3r,0.013139511699306236,1,1.0,3.9419,3.9419
macd_fast_crossover,r_multiple_3r,0.015563902104065568,1,0.0,-1.5564,-1.5564
macd_fast_crossover,r_multiple_3r,0.019077900479057833,1,0.0,-1.9078,-1.9078
macd_fast_crossover,r_multiple_3r,0.023878700959104382,1,0.0,-2.3879,-2.3879
macd_fast_crossover,r_multiple_3r,0.025302932947070585,1,0.0,-10.8044,-10.8044
macd_fast_crossover,regime_flip,0.013139511699306236,1,0.0,-5.7356,-5.7356
macd_fast_crossover,regime_flip,0.015563902104065568,1,1.0,9.6408,9.6408
macd_fast_crossover,regime_flip,0.019077900479057833,1,1.0,1.8835,1.8835
macd_fast_crossover,regime_flip,0.023878700959104382,1,0.0,-0.6472,-0.6472
macd_fast_crossover,regime_flip,0.025302932947070585,1,0.0,-6.0992,-6.0992
macd_fast_crossover,reverse_signal,0.013139511699306236,1,1.0,2.2268,2.2268
macd_fast_crossover,reverse_signal,0.015563902104065568,1,0.0,-1.5084,-1.5084
macd_fast_crossover,reverse_signal,0.019077900479057833,1,0.0,-1.3062,-1.3062
macd_fast_crossover,reverse_signal,0.023878700959104382,1,0.0,-2.3879,-2.3879
macd_fast_crossover,reverse_signal,0.025302932947070585,1,0.0,-10.8044,-10.8044
macd_fast_crossover,smart_money_reversal,0.013139511699306236,1,1.0,2.2268,2.2268
macd_fast_crossover,smart_money_reversal,0.015563902104065568,1,0.0,-1.5084,-1.5084
macd_fast_crossover,smart_money_reversal,0.019077900479057833,1,0.0,-1.3062,-1.3062
macd_fast_crossover,smart_money_reversal,0.023878700959104382,1,0.0,-2.3879,-2.3879
macd_fast_crossover,smart_money_reversal,0.025302932947070585,1,0.0,-10.8044,-10.8044
macd_fast_crossover,smc_mitigation_zone,0.013139511699306236,1,1.0,2.2268,2.2268
macd_fast_crossover,smc_mitigation_zone,0.015563902104065568,1,0.0,-1.5084,-1.5084
macd_fast_crossover,smc_mitigation_zone,0.019077900479057833,1,1.0,0.6712,0.6712
macd_fast_crossover,smc_mitigation_zone,0.023878700959104382,1,0.0,-0.3613,-0.3613
macd_fast_crossover,smc_mitigation_zone,0.025302932947070585,1,0.0,-10.8044,-10.8044
macd_fast_crossover,time_stop_10d,0.013139511699306236,1,0.0,-1.1631,-1.1631
macd_fast_crossover,time_stop_10d,0.015563902104065568,1,1.0,5.757,5.757
macd_fast_crossover,time_stop_10d,0.019077900479057833,1,0.0,-2.9028,-2.9028
macd_fast_crossover,time_stop_10d,0.023878700959104382,1,0.0,-5.384,-5.384
macd_fast_crossover,time_stop_10d,0.025302932947070585,1,0.0,-6.0992,-6.0992
macd_fast_crossover,time_stop_20d,0.013139511699306236,1,0.0,-5.7356,-5.7356
macd_fast_crossover,time_stop_20d,0.015563902104065568,1,1.0,9.6408,9.6408
macd_fast_crossover,time_stop_20d,0.019077900479057833,1,1.0,1.8835,1.8835
macd_fast_crossover,time_stop_20d,0.023878700959104382,1,0.0,-0.6472,-0.6472
macd_fast_crossover,time_stop_20d,0.025302932947070585,1,0.0,-6.0992,-6.0992
macd_fast_crossover,trailing_10pct,0.013139511699306236,1,0.0,-6.0921,-6.0921
macd_fast_crossover,trailing_10pct,0.015563902104065568,1,1.0,4.9341,4.9341
macd_fast_crossover,trailing_10pct,0.019077900479057833,1,0.0,-9.2616,-9.2616
macd_fast_crossover,trailing_10pct,0.023878700959104382,1,0.0,-3.844,-3.844
macd_fast_crossover,trailing_10pct,0.025302932947070585,1,0.0,-10.8044,-10.8044
macd_fast_crossover,trailing_15pct,0.013139511699306236,1,0.0,-10.9657,-10.9657
macd_fast_crossover,trailing_15pct,0.015563902104065568,1,1.0,0.6129,0.6129
macd_fast_crossover,trailing_15pct,0.019077900479057833,1,0.0,-7.5815,-7.5815
macd_fast_crossover,trailing_15pct,0.023878700959104382,1,0.0,-8.5642,-8.5642
macd_fast_crossover,trailing_15pct,0.025302932947070585,1,0.0,-8.9742,-8.9742
macd_fast_crossover,trailing_5pct,0.013139511699306236,1,0.0,-1.7221,-1.7221
macd_fast_crossover,trailing_5pct,0.015563902104065568,1,1.0,5.3893,5.3893
macd_fast_crossover,trailing_5pct,0.019077900479057833,1,0.0,-4.2952,-4.2952
macd_fast_crossover,trailing_5pct,0.023878700959104382,1,0.0,-5.0,-5.0
macd_fast_crossover,trailing_5pct,0.025302932947070585,1,0.0,-10.8044,-10.8044
mmsm_short,atr_trail_1x,0.008797045215569592,1,0.0,-0.8797,-0.8797
mmsm_short,atr_trail_1x,0.010994854331525038,1,0.0,-1.0995,-1.0995
mmsm_short,atr_trail_1x,0.014686836671783646,1,0.0,-1.4149,-1.4149
mmsm_short,atr_trail_1x,0.017473854650116635,1,0.0,-0.1084,-0.1084
mmsm_short,atr_trail_1x,0.024192792341420903,1,0.0,-0.1354,-0.1354
mmsm_short,atr_trail_1x,0.02471217524594235,1,0.0,-2.4712,-2.4712
mmsm_short,atr_trail_2x,0.008797045215569592,1,0.0,-1.7594,-1.7594
mmsm_short,atr_trail_2x,0.010994854331525038,1,0.0,-2.199,-2.199
mmsm_short,atr_trail_2x,0.014686836671783646,1,0.0,-2.9143,-2.9143
mmsm_short,atr_trail_2x,0.017473854650116635,1,0.0,-0.8405,-0.8405
mmsm_short,atr_trail_2x,0.024192792341420903,1,0.0,-3.0017,-3.0017
mmsm_short,atr_trail_2x,0.02471217524594235,1,0.0,-4.2778,-4.2778
mmsm_short,atr_trail_mae_conditional,0.008797045215569592,1,0.0,-0.8797,-0.8797
mmsm_short,atr_trail_mae_conditional,0.010994854331525038,1,0.0,-1.0995,-1.0995
mmsm_short,atr_trail_mae_conditional,0.014686836671783646,1,0.0,-1.4149,-1.4149
mmsm_short,atr_trail_mae_conditional,0.017473854650116635,1,0.0,-0.1084,-0.1084
mmsm_short,atr_trail_mae_conditional,0.024192792341420903,1,0.0,-0.1354,-0.1354
mmsm_short,atr_trail_mae_conditional,0.02471217524594235,1,0.0,-2.4712,-2.4712
mmsm_short,atr_trail_vix_conditional,0.008797045215569592,1,0.0,-0.6598,-0.6598
mmsm_short,atr_trail_vix_conditional,0.010994854331525038,1,0.0,-0.8831,-0.8831
mmsm_short,atr_trail_vix_conditional,0.014686836671783646,1,0.0,-1.1015,-1.1015
mmsm_short,atr_trail_vix_conditional,0.017473854650116635,1,0.0,-0.1084,-0.1084
mmsm_short,atr_trail_vix_conditional,0.024192792341420903,1,0.0,-0.3926,-0.3926
mmsm_short,atr_trail_vix_conditional,0.02471217524594235,1,0.0,-1.8534,-1.8534
mmsm_short,break_even_at_1r,0.008797045215569592,1,0.0,-0.8797,-0.8797
mmsm_short,break_even_at_1r,0.010994854331525038,1,0.0,-1.0995,-1.0995
mmsm_short,break_even_at_1r,0.014686836671783646,1,0.0,-1.4687,-1.4687
mmsm_short,break_even_at_1r,0.017473854650116635,1,0.0,-0.1084,-0.1084
mmsm_short,break_even_at_1r,0.024192792341420903,1,0.0,-0.1354,-0.1354
mmsm_short,break_even_at_1r,0.02471217524594235,1,0.0,-2.4712,-2.4712
mmsm_short,breakeven_plus_trail,0.008797045215569592,1,0.0,-1.7594,-1.7594
mmsm_short,breakeven_plus_trail,0.010994854331525038,1,0.0,-2.199,-2.199
mmsm_short,breakeven_plus_trail,0.014686836671783646,1,1.0,0.4206,0.4206
mmsm_short,breakeven_plus_trail,0.017473854650116635,1,0.0,0.0,0.0
mmsm_short,breakeven_plus_trail,0.024192792341420903,1,0.0,-4.8386,-4.8386
mmsm_short,breakeven_plus_trail,0.02471217524594235,1,0.0,-4.9424,-4.9424
mmsm_short,chandelier_3x,0.008797045215569592,1,0.0,-0.0333,-0.0333
mmsm_short,chandelier_3x,0.010994854331525038,1,0.0,-2.0753,-2.0753
mmsm_short,chandelier_3x,0.014686836671783646,1,0.0,-0.1483,-0.1483
mmsm_short,chandelier_3x,0.017473854650116635,1,0.0,-0.8405,-0.8405
mmsm_short,chandelier_3x,0.024192792341420903,1,0.0,-0.0816,-0.0816
mmsm_short,chandelier_3x,0.02471217524594235,1,0.0,-0.1597,-0.1597
mmsm_short,class_time_stop,0.008797045215569592,1,1.0,2.0068,2.0068
mmsm_short,class_time_stop,0.010994854331525038,1,1.0,2.014,2.014
mmsm_short,class_time_stop,0.014686836671783646,1,1.0,0.4206,0.4206
mmsm_short,class_time_stop,0.017473854650116635,1,0.0,-0.8405,-0.8405
mmsm_short,class_time_stop,0.024192792341420903,1,0.0,-5.7911,-5.7911
mmsm_short,class_time_stop,0.02471217524594235,1,0.0,-1.3975,-1.3975
mmsm_short,earnings_blackout,0.008797045215569592,1,0.0,-5.8643,-5.8643
mmsm_short,earnings_blackout,0.010994854331525038,1,0.0,-8.427,-8.427
mmsm_short,earnings_blackout,0.014686836671783646,1,1.0,0.4206,0.4206
mmsm_short,earnings_blackout,0.017473854650116635,1,0.0,-0.8405,-0.8405
mmsm_short,earnings_blackout,0.024192792341420903,1,0.0,-16.7568,-16.7568
mmsm_short,earnings_blackout,0.02471217524594235,1,0.0,-8.7463,-8.7463
mmsm_short,fixed_4r_2r,0.008797045215569592,1,0.0,-1.7594,-1.7594
mmsm_short,fixed_4r_2r,0.010994854331525038,1,0.0,-2.199,-2.199
mmsm_short,fixed_4r_2r,0.014686836671783646,1,0.0,-2.9374,-2.9374
mmsm_short,fixed_4r_2r,0.017473854650116635,1,0.0,-0.8405,-0.8405
mmsm_short,fixed_4r_2r,0.024192792341420903,1,0.0,-4.8386,-4.8386
mmsm_short,fixed_4r_2r,0.02471217524594235,1,0.0,-4.9424,-4.9424
mmsm_short,hybrid_50pct_target,0.008797045215569592,1,1.0,1.3196,1.3196
mmsm_short,hybrid_50pct_target,0.010994854331525038,1,1.0,1.6422,1.6422
mmsm_short,hybrid_50pct_target,0.014686836671783646,1,1.0,0.4206,0.4206
mmsm_short,hybrid_50pct_target,0.017473854650116635,1,0.0,-0.8405,-0.8405
mmsm_short,hybrid_50pct_target,0.024192792341420903,1,1.0,3.6289,3.6289
mmsm_short,hybrid_50pct_target,0.02471217524594235,1,0.0,-8.7463,-8.7463
mmsm_short,ma_exit_ema9,0.008797045215569592,1,0.0,-0.4142,-0.4142
mmsm_short,ma_exit_ema9,0.010994854331525038,1,0.0,-1.0017,-1.0017
mmsm_short,ma_exit_ema9,0.014686836671783646,1,0.0,-0.4794,-0.4794
mmsm_short,ma_exit_ema9,0.017473854650116635,1,1.0,0.0686,0.0686
mmsm_short,ma_exit_ema9,0.024192792341420903,1,0.0,-0.1892,-0.1892
mmsm_short,ma_exit_ema9,0.02471217524594235,1,0.0,-0.8603,-0.8603
mmsm_short,mfe_lockin_trail,0.008797045215569592,1,0.0,-0.8797,-0.8797
mmsm_short,mfe_lockin_trail,0.010994854331525038,1,0.0,-1.0995,-1.0995
mmsm_short,mfe_lockin_trail,0.014686836671783646,1,0.0,-1.4149,-1.4149
mmsm_short,mfe_lockin_trail,0.017473854650116635,1,0.0,-0.1084,-0.1084
mmsm_short,mfe_lockin_trail,0.024192792341420903,1,0.0,-0.1354,-0.1354
mmsm_short,mfe_lockin_trail,0.02471217524594235,1,0.0,-2.4712,-2.4712
mmsm_short,multi_tier_partial,0.008797045215569592,1,0.0,-0.8797,-0.8797
mmsm_short,multi_tier_partial,0.010994854331525038,1,0.0,-1.0995,-1.0995
mmsm_short,multi_tier_partial,0.014686836671783646,1,0.0,-1.4149,-1.4149
mmsm_short,multi_tier_partial,0.017473854650116635,1,1.0,0.5102,0.5102
mmsm_short,multi_tier_partial,0.024192792341420903,1,1.0,0.7162,0.7162
mmsm_short,multi_tier_partial,0.02471217524594235,1,0.0,-2.4712,-2.4712
mmsm_short,next_pivot_target,0.008797045215569592,1,1.0,0.2451,0.2451
mmsm_short,next_pivot_target,0.010994854331525038,1,1.0,0.2294,0.2294
mmsm_short,next_pivot_target,0.014686836671783646,1,1.0,0.4206,0.4206
mmsm_short,next_pivot_target,0.017473854650116635,1,1.0,0.309,0.309
mmsm_short,next_pivot_target,0.024192792341420903,1,1.0,1.4476,1.4476
mmsm_short,next_pivot_target,0.02471217524594235,1,1.0,0.022,0.022
mmsm_short,r_multiple_2r,0.008797045215569592,1,0.0,-0.8797,-0.8797
mmsm_short,r_multiple_2r,0.010994854331525038,1,0.0,-1.0995,-1.0995
mmsm_short,r_multiple_2r,0.014686836671783646,1,0.0,-1.4687,-1.4687
mmsm_short,r_multiple_2r,0.017473854650116635,1,0.0,-0.8405,-0.8405
mmsm_short,r_multiple_2r,0.024192792341420903,1,0.0,-3.0017,-3.0017
mmsm_short,r_multiple_2r,0.02471217524594235,1,0.0,-2.4712,-2.4712
mmsm_short,r_multiple_3r,0.008797045215569592,1,0.0,-0.8797,-0.8797
mmsm_short,r_multiple_3r,0.010994854331525038,1,0.0,-1.0995,-1.0995
mmsm_short,r_multiple_3r,0.014686836671783646,1,0.0,-1.4687,-1.4687
mmsm_short,r_multiple_3r,0.017473854650116635,1,0.0,-0.8405,-0.8405
mmsm_short,r_multiple_3r,0.024192792341420903,1,0.0,-3.0017,-3.0017
mmsm_short,r_multiple_3r,0.02471217524594235,1,0.0,-2.4712,-2.4712
mmsm_short,regime_flip,0.008797045215569592,1,1.0,0.7417,0.7417
mmsm_short,regime_flip,0.010994854331525038,1,1.0,1.8132,1.8132
mmsm_short,regime_flip,0.014686836671783646,1,1.0,0.4206,0.4206
mmsm_short,regime_flip,0.017473854650116635,1,0.0,-0.8405,-0.8405
mmsm_short,regime_flip,0.024192792341420903,1,0.0,-1.1958,-1.1958
mmsm_short,regime_flip,0.02471217524594235,1,0.0,-6.1696,-6.1696
mmsm_short,reverse_signal,0.008797045215569592,1,0.0,-0.8797,-0.8797
mmsm_short,reverse_signal,0.010994854331525038,1,0.0,-1.0995,-1.0995
mmsm_short,reverse_signal,0.014686836671783646,1,0.0,-1.4149,-1.4149
mmsm_short,reverse_signal,0.017473854650116635,1,0.0,-0.1084,-0.1084
mmsm_short,reverse_signal,0.024192792341420903,1,0.0,-0.1354,-0.1354
mmsm_short,reverse_signal,0.02471217524594235,1,0.0,-2.4712,-2.4712
mmsm_short,smart_money_reversal,0.008797045215569592,1,0.0,-0.8797,-0.8797
mmsm_short,smart_money_reversal,0.010994854331525038,1,0.0,-1.0995,-1.0995
mmsm_short,smart_money_reversal,0.014686836671783646,1,0.0,-1.4149,-1.4149
mmsm_short,smart_money_reversal,0.017473854650116635,1,0.0,-0.1084,-0.1084
mmsm_short,smart_money_reversal,0.024192792341420903,1,0.0,-0.1354,-0.1354
mmsm_short,smart_money_reversal,0.02471217524594235,1,0.0,-2.4712,-2.4712
mmsm_short,smc_mitigation_zone,0.008797045215569592,1,0.0,-0.4142,-0.4142
mmsm_short,smc_mitigation_zone,0.010994854331525038,1,0.0,-1.0995,-1.0995
mmsm_short,smc_mitigation_zone,0.014686836671783646,1,0.0,-0.4794,-0.4794
mmsm_short,smc_mitigation_zone,0.017473854650116635,1,0.0,-0.1084,-0.1084
mmsm_short,smc_mitigation_zone,0.024192792341420903,1,0.0,-0.1892,-0.1892
mmsm_short,smc_mitigation_zone,0.02471217524594235,1,0.0,-0.8603,-0.8603
mmsm_short,time_stop_10d,0.008797045215569592,1,0.0,-1.7684,-1.7684
mmsm_short,time_stop_10d,0.010994854331525038,1,0.0,-1.6313,-1.6313
mmsm_short,time_stop_10d,0.014686836671783646,1,0.0,-0.769,-0.769
mmsm_short,time_stop_10d,0.017473854650116635,1,0.0,-0.6367,-0.6367
mmsm_short,time_stop_10d,0.024192792341420903,1,0.0,-2.0719,-2.0719
mmsm_short,time_stop_10d,0.02471217524594235,1,0.0,-1.0316,-1.0316
mmsm_short,time_stop_20d,0.008797045215569592,1,1.0,0.7417,0.7417
mmsm_short,time_stop_20d,0.010994854331525038,1,1.0,1.8132,1.8132
mmsm_short,time_stop_20d,0.014686836671783646,1,1.0,0.4206,0.4206
mmsm_short,time_stop_20d,0.017473854650116635,1,0.0,-0.8405,-0.8405
mmsm_short,time_stop_20d,0.024192792341420903,1,0.0,-1.1958,-1.1958
mmsm_short,time_stop_20d,0.02471217524594235,1,0.0,-6.1696,-6.1696
mmsm_short,trailing_10pct,0.008797045215569592,1,0.0,-0.6164,-0.6164
mmsm_short,trailing_10pct,0.010994854331525038,1,0.0,-3.0521,-3.0521
mmsm_short,trailing_10pct,0.014686836671783646,1,1.0,0.4206,0.4206
mmsm_short,trailing_10pct,0.017473854650116635,1,0.0,-0.8405,-0.8405
mmsm_short,trailing_10pct,0.024192792341420903,1,0.0,-8.3961,-8.3961
mmsm_short,trailing_10pct,0.02471217524594235,1,0.0,-9.148,-9.148
mmsm_short,trailing_15pct,0.008797045215569592,1,0.0,-5.2385,-5.2385
mmsm_short,trailing_15pct,0.010994854331525038,1,0.0,-7.786,-7.786
mmsm_short,trailing_15pct,0.014686836671783646,1,1.0,0.4206,0.4206
mmsm_short,trailing_15pct,0.017473854650116635,1,0.0,-0.8405,-0.8405
mmsm_short,trailing_15pct,0.024192792341420903,1,0.0,-6.6057,-6.6057
mmsm_short,trailing_15pct,0.02471217524594235,1,0.0,-9.3734,-9.3734
mmsm_short,trailing_5pct,0.008797045215569592,1,1.0,3.5281,3.5281
mmsm_short,trailing_5pct,0.010994854331525038,1,1.0,1.1928,1.1928
mmsm_short,trailing_5pct,0.014686836671783646,1,1.0,0.4206,0.4206
mmsm_short,trailing_5pct,0.017473854650116635,1,0.0,-0.8405,-0.8405
mmsm_short,trailing_5pct,0.024192792341420903,1,0.0,-3.0017,-3.0017
mmsm_short,trailing_5pct,0.02471217524594235,1,0.0,-4.2778,-4.2778
pairs_mean_reversion_long,atr_trail_1x,0.021759859912854524,1,0.0,-2.176,-2.176
pairs_mean_reversion_long,atr_trail_1x,0.02326979850713643,1,0.0,-0.2475,-0.2475
pairs_mean_reversion_long,atr_trail_1x,0.026404117652318267,1,0.0,-2.3137,-2.3137
pairs_mean_reversion_long,atr_trail_1x,0.028362524441486042,1,0.0,-2.8363,-2.8363
pairs_mean_reversion_long,atr_trail_1x,0.03192953611274221,1,1.0,4.5637,4.5637
pairs_mean_reversion_long,atr_trail_1x,0.037279152332340665,1,0.0,-5.9096,-5.9096
pairs_mean_reversion_long,atr_trail_2x,0.021759859912854524,1,0.0,-1.2723,-1.2723
pairs_mean_reversion_long,atr_trail_2x,0.02326979850713643,1,0.0,-1.5894,-1.5894
pairs_mean_reversion_long,atr_trail_2x,0.026404117652318267,1,0.0,-4.8686,-4.8686
pairs_mean_reversion_long,atr_trail_2x,0.028362524441486042,1,0.0,-5.6725,-5.6725
pairs_mean_reversion_long,atr_trail_2x,0.03192953611274221,1,1.0,4.3272,4.3272
pairs_mean_reversion_long,atr_trail_2x,0.037279152332340665,1,0.0,-7.4558,-7.4558
pairs_mean_reversion_long,atr_trail_mae_conditional,0.021759859912854524,1,0.0,-2.176,-2.176
pairs_mean_reversion_long,atr_trail_mae_conditional,0.02326979850713643,1,0.0,-0.2475,-0.2475
pairs_mean_reversion_long,atr_trail_mae_conditional,0.026404117652318267,1,0.0,-2.3137,-2.3137
pairs_mean_reversion_long,atr_trail_mae_conditional,0.028362524441486042,1,0.0,-2.8363,-2.8363
pairs_mean_reversion_long,atr_trail_mae_conditional,0.03192953611274221,1,1.0,4.5637,4.5637
pairs_mean_reversion_long,atr_trail_mae_conditional,0.037279152332340665,1,0.0,-5.9096,-5.9096
pairs_mean_reversion_long,atr_trail_vix_conditional,0.021759859912854524,1,0.0,-1.632,-1.632
pairs_mean_reversion_long,atr_trail_vix_conditional,0.02326979850713643,1,0.0,-0.2475,-0.2475
pairs_mean_reversion_long,atr_trail_vix_conditional,0.026404117652318267,1,0.0,-1.675,-1.675
pairs_mean_reversion_long,atr_trail_vix_conditional,0.028362524441486042,1,0.0,-2.1272,-2.1272
pairs_mean_reversion_long,atr_trail_vix_conditional,0.03192953611274221,1,1.0,0.7788,0.7788
pairs_mean_reversion_long,atr_trail_vix_conditional,0.037279152332340665,1,0.0,-2.7959,-2.7959
pairs_mean_reversion_long,break_even_at_1r,0.021759859912854524,1,0.0,-2.176,-2.176
pairs_mean_reversion_long,break_even_at_1r,0.02326979850713643,1,0.0,-0.2475,-0.2475
pairs_mean_reversion_long,break_even_at_1r,0.026404117652318267,1,0.0,-2.6404,-2.6404
pairs_mean_reversion_long,break_even_at_1r,0.028362524441486042,1,0.0,-2.8363,-2.8363
pairs_mean_reversion_long,break_even_at_1r,0.03192953611274221,1,1.0,0.3984,0.3984
pairs_mean_reversion_long,break_even_at_1r,0.037279152332340665,1,0.0,-5.9096,-5.9096
pairs_mean_reversion_long,breakeven_plus_trail,0.021759859912854524,1,0.0,0.0,0.0
pairs_mean_reversion_long,breakeven_plus_trail,0.02326979850713643,1,0.0,0.0,0.0
pairs_mean_reversion_long,breakeven_plus_trail,0.026404117652318267,1,0.0,-5.2808,-5.2808
pairs_mean_reversion_long,breakeven_plus_trail,0.028362524441486042,1,1.0,3.012,3.012
pairs_mean_reversion_long,breakeven_plus_trail,0.03192953611274221,1,1.0,0.3984,0.3984
pairs_mean_reversion_long,breakeven_plus_trail,0.037279152332340665,1,0.0,-7.4558,-7.4558
pairs_mean_reversion_long,chandelier_3x,0.021759859912854524,1,0.0,-0.7689,-0.7689
pairs_mean_reversion_long,chandelier_3x,0.02326979850713643,1,0.0,-2.4647,-2.4647
pairs_mean_reversion_long,chandelier_3x,0.026404117652318267,1,0.0,-0.1016,-0.1016
pairs_mean_reversion_long,chandelier_3x,0.028362524441486042,1,0.0,-3.3532,-3.3532
pairs_mean_reversion_long,chandelier_3x,0.03192953611274221,1,1.0,2.9861,2.9861
pairs_mean_reversion_long,chandelier_3x,0.037279152332340665,1,0.0,-0.5915,-0.5915
pairs_mean_reversion_long,class_time_stop,0.021759859912854524,1,1.0,5.8,5.8
pairs_mean_reversion_long,class_time_stop,0.02326979850713643,1,1.0,9.1891,9.1891
pairs_mean_reversion_long,class_time_stop,0.026404117652318267,1,0.0,-1.1209,-1.1209
pairs_mean_reversion_long,class_time_stop,0.028362524441486042,1,1.0,3.012,3.012
pairs_mean_reversion_long,class_time_stop,0.03192953611274221,1,1.0,10.3159,10.3159
pairs_mean_reversion_long,class_time_stop,0.037279152332340665,1,0.0,-11.2405,-11.2405
pairs_mean_reversion_long,earnings_blackout,0.021759859912854524,1,1.0,5.8,5.8
pairs_mean_reversion_long,earnings_blackout,0.02326979850713643,1,1.0,15.2272,15.2272
pairs_mean_reversion_long,earnings_blackout,0.026404117652318267,1,1.0,12.0731,12.0731
pairs_mean_reversion_long,earnings_blackout,0.028362524441486042,1,1.0,3.012,3.012
pairs_mean_reversion_long,earnings_blackout,0.03192953611274221,1,1.0,16.3171,16.3171
pairs_mean_reversion_long,earnings_blackout,0.037279152332340665,1,1.0,9.0003,9.0003
pairs_mean_reversion_long,fixed_4r_2r,0.021759859912854524,1,1.0,5.8,5.8
pairs_mean_reversion_long,fixed_4r_2r,0.02326979850713643,1,1.0,9.3079,9.3079
pairs_mean_reversion_long,fixed_4r_2r,0.026404117652318267,1,0.0,-5.2808,-5.2808
pairs_mean_reversion_long,fixed_4r_2r,0.028362524441486042,1,0.0,-5.6725,-5.6725
pairs_mean_reversion_long,fixed_4r_2r,0.03192953611274221,1,1.0,12.7718,12.7718
pairs_mean_reversion_long,fixed_4r_2r,0.037279152332340665,1,0.0,-7.4558,-7.4558
pairs_mean_reversion_long,hybrid_50pct_target,0.021759859912854524,1,1.0,6.164,6.164
pairs_mean_reversion_long,hybrid_50pct_target,0.02326979850713643,1,1.0,5.6619,5.6619
pairs_mean_reversion_long,hybrid_50pct_target,0.026404117652318267,1,1.0,9.9972,9.9972
pairs_mean_reversion_long,hybrid_50pct_target,0.028362524441486042,1,1.0,3.012,3.012
pairs_mean_reversion_long,hybrid_50pct_target,0.03192953611274221,1,1.0,4.9886,4.9886
pairs_mean_reversion_long,hybrid_50pct_target,0.037279152332340665,1,0.0,-10.0,-10.0
pairs_mean_reversion_long,ma_exit_ema9,0.021759859912854524,1,0.0,-0.1303,-0.1303
pairs_mean_reversion_long,ma_exit_ema9,0.02326979850713643,1,1.0,0.6598,0.6598
pairs_mean_reversion_long,ma_exit_ema9,0.026404117652318267,1,1.0,0.2411,0.2411
pairs_mean_reversion_long,ma_exit_ema9,0.028362524441486042,1,0.0,-2.7125,-2.7125
pairs_mean_reversion_long,ma_exit_ema9,0.03192953611274221,1,1.0,4.0728,4.0728
pairs_mean_reversion_long,ma_exit_ema9,0.037279152332340665,1,0.0,-3.374,-3.374
pairs_mean_reversion_long,mfe_lockin_trail,0.021759859912854524,1,0.0,-2.176,-2.176
pairs_mean_reversion_long,mfe_lockin_trail,0.02326979850713643,1,0.0,-0.2475,-0.2475
pairs_mean_reversion_long,mfe_lockin_trail,0.026404117652318267,1,0.0,-2.3137,-2.3137
pairs_mean_reversion_long,mfe_lockin_trail,0.028362524441486042,1,0.0,-2.8363,-2.8363
pairs_mean_reversion_long,mfe_lockin_trail,0.03192953611274221,1,1.0,4.5637,4.5637
pairs_mean_reversion_long,mfe_lockin_trail,0.037279152332340665,1,0.0,-5.9096,-5.9096
pairs_mean_reversion_long,multi_tier_partial,0.021759859912854524,1,0.0,-2.176,-2.176
pairs_mean_reversion_long,multi_tier_partial,0.02326979850713643,1,1.0,0.6106,0.6106
pairs_mean_reversion_long,multi_tier_partial,0.026404117652318267,1,0.0,-2.3137,-2.3137
pairs_mean_reversion_long,multi_tier_partial,0.028362524441486042,1,0.0,-2.8363,-2.8363
pairs_mean_reversion_long,multi_tier_partial,0.03192953611274221,1,1.0,4.7142,4.7142
pairs_mean_reversion_long,multi_tier_partial,0.037279152332340665,1,0.0,-5.9096,-5.9096
pairs_mean_reversion_long,next_pivot_target,0.021759859912854524,1,1.0,3.9434,3.9434
pairs_mean_reversion_long,next_pivot_target,0.02326979850713643,1,1.0,7.2918,7.2918
pairs_mean_reversion_long,next_pivot_target,0.026404117652318267,1,1.0,2.8281,2.8281
pairs_mean_reversion_long,next_pivot_target,0.028362524441486042,1,1.0,0.411,0.411
pairs_mean_reversion_long,next_pivot_target,0.03192953611274221,1,1.0,1.1972,1.1972
pairs_mean_reversion_long,next_pivot_target,0.037279152332340665,1,1.0,1.4881,1.4881
pairs_mean_reversion_long,r_multiple_2r,0.021759859912854524,1,0.0,-2.176,-2.176
pairs_mean_reversion_long,r_multiple_2r,0.02326979850713643,1,1.0,4.654,4.654
pairs_mean_reversion_long,r_multiple_2r,0.026404117652318267,1,0.0,-2.6404,-2.6404
pairs_mean_reversion_long,r_multiple_2r,0.028362524441486042,1,0.0,-2.8363,-2.8363
pairs_mean_reversion_long,r_multiple_2r,0.03192953611274221,1,1.0,6.3859,6.3859
pairs_mean_reversion_long,r_multiple_2r,0.037279152332340665,1,0.0,-5.9096,-5.9096
pairs_mean_reversion_long,r_multiple_3r,0.021759859912854524,1,0.0,-2.176,-2.176
pairs_mean_reversion_long,r_multiple_3r,0.02326979850713643,1,0.0,-2.327,-2.327
pairs_mean_reversion_long,r_multiple_3r,0.026404117652318267,1,0.0,-2.6404,-2.6404
pairs_mean_reversion_long,r_multiple_3r,0.028362524441486042,1,0.0,-2.8363,-2.8363
pairs_mean_reversion_long,r_multiple_3r,0.03192953611274221,1,1.0,9.5789,9.5789
pairs_mean_reversion_long,r_multiple_3r,0.037279152332340665,1,0.0,-5.9096,-5.9096
pairs_mean_reversion_long,regime_flip,0.021759859912854524,1,1.0,5.8,5.8
pairs_mean_reversion_long,regime_flip,0.02326979850713643,1,1.0,6.9536,6.9536
pairs_mean_reversion_long,regime_flip,0.026404117652318267,1,0.0,-3.5261,-3.5261
pairs_mean_reversion_long,regime_flip,0.028362524441486042,1,1.0,3.012,3.012
pairs_mean_reversion_long,regime_flip,0.03192953611274221,1,1.0,6.6741,6.6741
pairs_mean_reversion_long,regime_flip,0.037279152332340665,1,1.0,3.3282,3.3282
pairs_mean_reversion_long,reverse_signal,0.021759859912854524,1,0.0,-2.176,-2.176
pairs_mean_reversion_long,reverse_signal,0.02326979850713643,1,0.0,-0.2475,-0.2475
pairs_mean_reversion_long,reverse_signal,0.026404117652318267,1,0.0,-2.3137,-2.3137
pairs_mean_reversion_long,reverse_signal,0.028362524441486042,1,0.0,-2.8363,-2.8363
pairs_mean_reversion_long,reverse_signal,0.03192953611274221,1,1.0,4.5637,4.5637
pairs_mean_reversion_long,reverse_signal,0.037279152332340665,1,0.0,-5.9096,-5.9096
pairs_mean_reversion_long,smart_money_reversal,0.021759859912854524,1,0.0,-2.176,-2.176
pairs_mean_reversion_long,smart_money_reversal,0.02326979850713643,1,0.0,-0.2475,-0.2475
pairs_mean_reversion_long,smart_money_reversal,0.026404117652318267,1,0.0,-2.3137,-2.3137
pairs_mean_reversion_long,smart_money_reversal,0.028362524441486042,1,0.0,-2.8363,-2.8363
pairs_mean_reversion_long,smart_money_reversal,0.03192953611274221,1,1.0,4.5637,4.5637
pairs_mean_reversion_long,smart_money_reversal,0.037279152332340665,1,0.0,-5.9096,-5.9096
pairs_mean_reversion_long,smc_mitigation_zone,0.021759859912854524,1,0.0,-0.1303,-0.1303
pairs_mean_reversion_long,smc_mitigation_zone,0.02326979850713643,1,0.0,-0.2475,-0.2475
pairs_mean_reversion_long,smc_mitigation_zone,0.026404117652318267,1,1.0,0.2411,0.2411
pairs_mean_reversion_long,smc_mitigation_zone,0.028362524441486042,1,0.0,-2.8363,-2.8363
pairs_mean_reversion_long,smc_mitigation_zone,0.03192953611274221,1,1.0,4.5637,4.5637
pairs_mean_reversion_long,smc_mitigation_zone,0.037279152332340665,1,0.0,-5.9096,-5.9096
pairs_mean_reversion_long,time_stop_10d,0.021759859912854524,1,0.0,-0.0698,-0.0698
pairs_mean_reversion_long,time_stop_10d,0.02326979850713643,1,1.0,6.6319,6.6319
pairs_mean_reversion_long,time_stop_10d,0.026404117652318267,1,0.0,-3.4247,-3.4247
pairs_mean_reversion_long,time_stop_10d,0.028362524441486042,1,1.0,0.0291,0.0291
pairs_mean_reversion_long,time_stop_10d,0.03192953611274221,1,1.0,4.7845,4.7845
pairs_mean_reversion_long,time_stop_10d,0.037279152332340665,1,0.0,-5.159,-5.159
pairs_mean_reversion_long,time_stop_20d,0.021759859912854524,1,1.0,5.8,5.8
pairs_mean_reversion_long,time_stop_20d,0.02326979850713643,1,1.0,6.9536,6.9536
pairs_mean_reversion_long,time_stop_20d,0.026404117652318267,1,0.0,-3.5261,-3.5261
pairs_mean_reversion_long,time_stop_20d,0.028362524441486042,1,1.0,3.012,3.012
pairs_mean_reversion_long,time_stop_20d,0.03192953611274221,1,1.0,6.6741,6.6741
pairs_mean_reversion_long,time_stop_20d,0.037279152332340665,1,1.0,3.3282,3.3282
pairs_mean_reversion_long,trailing_10pct,0.021759859912854524,1,1.0,5.8,5.8
pairs_mean_reversion_long,trailing_10pct,0.02326979850713643,1,1.0,4.3429,4.3429
pairs_mean_reversion_long,trailing_10pct,0.026404117652318267,1,1.0,12.0731,12.0731
pairs_mean_reversion_long,trailing_10pct,0.028362524441486042,1,1.0,3.012,3.012
pairs_mean_reversion_long,trailing_10pct,0.03192953611274221,1,1.0,0.3984,0.3984
pairs_mean_reversion_long,trailing_10pct,0.037279152332340665,1,0.0,-7.0046,-7.0046
pairs_mean_reversion_long,trailing_15pct,0.021759859912854524,1,1.0,5.8,5.8
pairs_mean_reversion_long,trailing_15pct,0.02326979850713643,1,1.0,15.2272,15.2272
pairs_mean_reversion_long,trailing_15pct,0.026404117652318267,1,1.0,12.0731,12.0731
pairs_mean_reversion_long,trailing_15pct,0.028362524441486042,1,1.0,3.012,3.012
pairs_mean_reversion_long,trailing_15pct,0.03192953611274221,1,0.0,-5.1793,-5.1793
pairs_mean_reversion_long,trailing_15pct,0.037279152332340665,1,0.0,-12.171,-12.171
pairs_mean_reversion_long,trailing_5pct,0.021759859912854524,1,0.0,-1.4759,-1.4759
pairs_mean_reversion_long,trailing_5pct,0.02326979850713643,1,0.0,-1.7167,-1.7167
pairs_mean_reversion_long,trailing_5pct,0.026404117652318267,1,0.0,-4.7709,-4.7709
pairs_mean_reversion_long,trailing_5pct,0.028362524441486042,1,0.0,-5.0,-5.0
pairs_mean_reversion_long,trailing_5pct,0.03192953611274221,1,1.0,5.976,5.976
pairs_mean_reversion_long,trailing_5pct,0.037279152332340665,1,0.0,-5.9096,-5.9096
pairs_mean_reversion_short,atr_trail_1x,0.015213013136119584,1,0.0,-0.5666,-0.5666
pairs_mean_reversion_short,atr_trail_1x,0.02341371593725932,1,0.0,-2.3414,-2.3414
pairs_mean_reversion_short,atr_trail_1x,0.02593106711436178,1,0.0,-3.3252,-3.3252
pairs_mean_reversion_short,atr_trail_1x,0.02644263009977874,1,0.0,-0.7253,-0.7253
pairs_mean_reversion_short,atr_trail_1x,0.02781378731979443,1,0.0,-1.4525,-1.4525
pairs_mean_reversion_short,atr_trail_1x,0.03201352433490524,1,1.0,4.3945,4.3945
pairs_mean_reversion_short,atr_trail_1x,0.0329643708582283,1,0.0,-0.238,-0.238
pairs_mean_reversion_short,atr_trail_2x,0.015213013136119584,1,1.0,6.9722,6.9722
pairs_mean_reversion_short,atr_trail_2x,0.02341371593725932,1,0.0,-4.6827,-4.6827
pairs_mean_reversion_short,atr_trail_2x,0.02593106711436178,1,0.0,-5.1862,-5.1862
pairs_mean_reversion_short,atr_trail_2x,0.02644263009977874,1,0.0,-2.6604,-2.6604
pairs_mean_reversion_short,atr_trail_2x,0.02781378731979443,1,1.0,2.2383,2.2383
pairs_mean_reversion_short,atr_trail_2x,0.03201352433490524,1,1.0,2.7902,2.7902
pairs_mean_reversion_short,atr_trail_2x,0.0329643708582283,1,0.0,-0.8855,-0.8855
pairs_mean_reversion_short,atr_trail_mae_conditional,0.015213013136119584,1,0.0,-0.5666,-0.5666
pairs_mean_reversion_short,atr_trail_mae_conditional,0.02341371593725932,1,0.0,-2.3414,-2.3414
pairs_mean_reversion_short,atr_trail_mae_conditional,0.02593106711436178,1,0.0,-3.3252,-3.3252
pairs_mean_reversion_short,atr_trail_mae_conditional,0.02644263009977874,1,0.0,-0.7253,-0.7253
pairs_mean_reversion_short,atr_trail_mae_conditional,0.02781378731979443,1,0.0,-1.4525,-1.4525
pairs_mean_reversion_short,atr_trail_mae_conditional,0.03201352433490524,1,1.0,4.3945,4.3945
pairs_mean_reversion_short,atr_trail_mae_conditional,0.0329643708582283,1,0.0,-0.238,-0.238
pairs_mean_reversion_short,atr_trail_vix_conditional,0.015213013136119584,1,0.0,-0.179,-0.179
pairs_mean_reversion_short,atr_trail_vix_conditional,0.02341371593725932,1,0.0,-3.5121,-3.5121
pairs_mean_reversion_short,atr_trail_vix_conditional,0.02593106711436178,1,0.0,-1.9448,-1.9448
pairs_mean_reversion_short,atr_trail_vix_conditional,0.02644263009977874,1,0.0,-0.0901,-0.0901
pairs_mean_reversion_short,atr_trail_vix_conditional,0.02781378731979443,1,0.0,-1.4525,-1.4525
pairs_mean_reversion_short,atr_trail_vix_conditional,0.03201352433490524,1,1.0,4.3945,4.3945
pairs_mean_reversion_short,atr_trail_vix_conditional,0.0329643708582283,1,0.0,-0.238,-0.238
pairs_mean_reversion_short,break_even_at_1r,0.015213013136119584,1,0.0,-1.5213,-1.5213
pairs_mean_reversion_short,break_even_at_1r,0.02341371593725932,1,0.0,-2.3414,-2.3414
pairs_mean_reversion_short,break_even_at_1r,0.02593106711436178,1,0.0,-3.3252,-3.3252
pairs_mean_reversion_short,break_even_at_1r,0.02644263009977874,1,0.0,0.0,0.0
pairs_mean_reversion_short,break_even_at_1r,0.02781378731979443,1,0.0,0.0,0.0
pairs_mean_reversion_short,break_even_at_1r,0.03201352433490524,1,1.0,1.3289,1.3289
pairs_mean_reversion_short,break_even_at_1r,0.0329643708582283,1,0.0,-0.238,-0.238
pairs_mean_reversion_short,breakeven_plus_trail,0.015213013136119584,1,1.0,5.2971,5.2971
pairs_mean_reversion_short,breakeven_plus_trail,0.02341371593725932,1,0.0,-4.6827,-4.6827
pairs_mean_reversion_short,breakeven_plus_trail,0.02593106711436178,1,0.0,-5.1862,-5.1862
pairs_mean_reversion_short,breakeven_plus_trail,0.02644263009977874,1,0.0,-5.2885,-5.2885
pairs_mean_reversion_short,breakeven_plus_trail,0.02781378731979443,1,0.0,0.0,0.0
pairs_mean_reversion_short,breakeven_plus_trail,0.03201352433490524,1,1.0,1.3289,1.3289
pairs_mean_reversion_short,breakeven_plus_trail,0.0329643708582283,1,0.0,0.0,0.0
pairs_mean_reversion_short,chandelier_3x,0.015213013136119584,1,0.0,-0.1304,-0.1304
pairs_mean_reversion_short,chandelier_3x,0.02341371593725932,1,0.0,-0.6631,-0.6631
pairs_mean_reversion_short,chandelier_3x,0.02593106711436178,1,0.0,-0.0901,-0.0901
pairs_mean_reversion_short,chandelier_3x,0.02644263009977874,1,0.0,-0.2271,-0.2271
pairs_mean_reversion_short,chandelier_3x,0.02781378731979443,1,1.0,0.2078,0.2078
pairs_mean_reversion_short,chandelier_3x,0.03201352433490524,1,0.0,-0.6995,-0.6995
pairs_mean_reversion_short,chandelier_3x,0.0329643708582283,1,0.0,-2.246,-2.246
pairs_mean_reversion_short,class_time_stop,0.015213013136119584,1,1.0,3.0835,3.0835
pairs_mean_reversion_short,class_time_stop,0.02341371593725932,1,0.0,-11.5754,-11.5754
pairs_mean_reversion_short,class_time_stop,0.02593106711436178,1,0.0,-9.3252,-9.3252
pairs_mean_reversion_short,class_time_stop,0.02644263009977874,1,0.0,-3.7257,-3.7257
pairs_mean_reversion_short,class_time_stop,0.02781378731979443,1,0.0,-12.1936,-12.1936
pairs_mean_reversion_short,class_time_stop,0.03201352433490524,1,0.0,-7.3094,-7.3094
pairs_mean_reversion_short,class_time_stop,0.0329643708582283,1,1.0,4.3694,4.3694
pairs_mean_reversion_short,earnings_blackout,0.015213013136119584,1,1.0,0.6795,0.6795
pairs_mean_reversion_short,earnings_blackout,0.02341371593725932,1,0.0,-12.9998,-12.9998
pairs_mean_reversion_short,earnings_blackout,0.02593106711436178,1,0.0,-8.2706,-8.2706
pairs_mean_reversion_short,earnings_blackout,0.02644263009977874,1,0.0,-7.0596,-7.0596
pairs_mean_reversion_short,earnings_blackout,0.02781378731979443,1,0.0,-16.6863,-16.6863
pairs_mean_reversion_short,earnings_blackout,0.03201352433490524,1,0.0,-10.1566,-10.1566
pairs_mean_reversion_short,earnings_blackout,0.0329643708582283,1,0.0,-12.1196,-12.1196
pairs_mean_reversion_short,fixed_4r_2r,0.015213013136119584,1,1.0,6.0852,6.0852
pairs_mean_reversion_short,fixed_4r_2r,0.02341371593725932,1,0.0,-4.6827,-4.6827
pairs_mean_reversion_short,fixed_4r_2r,0.02593106711436178,1,0.0,-5.1862,-5.1862
pairs_mean_reversion_short,fixed_4r_2r,0.02644263009977874,1,0.0,-5.2885,-5.2885
pairs_mean_reversion_short,fixed_4r_2r,0.02781378731979443,1,0.0,-6.5413,-6.5413
pairs_mean_reversion_short,fixed_4r_2r,0.03201352433490524,1,0.0,-6.4027,-6.4027
pairs_mean_reversion_short,fixed_4r_2r,0.0329643708582283,1,0.0,-8.9794,-8.9794
pairs_mean_reversion_short,hybrid_50pct_target,0.015213013136119584,1,1.0,4.9305,4.9305
pairs_mean_reversion_short,hybrid_50pct_target,0.02341371593725932,1,0.0,-12.9998,-12.9998
pairs_mean_reversion_short,hybrid_50pct_target,0.02593106711436178,1,0.0,-8.2706,-8.2706
pairs_mean_reversion_short,hybrid_50pct_target,0.02644263009977874,1,0.0,-7.0596,-7.0596
pairs_mean_reversion_short,hybrid_50pct_target,0.02781378731979443,1,1.0,4.1721,4.1721
pairs_mean_reversion_short,hybrid_50pct_target,0.03201352433490524,1,1.0,5.4665,5.4665
pairs_mean_reversion_short,hybrid_50pct_target,0.0329643708582283,1,1.0,4.9447,4.9447
pairs_mean_reversion_short,ma_exit_ema9,0.015213013136119584,1,1.0,0.566,0.566
pairs_mean_reversion_short,ma_exit_ema9,0.02341371593725932,1,0.0,-1.3615,-1.3615
pairs_mean_reversion_short,ma_exit_ema9,0.02593106711436178,1,0.0,-2.2991,-2.2991
pairs_mean_reversion_short,ma_exit_ema9,0.02644263009977874,1,0.0,-0.8211,-0.8211
pairs_mean_reversion_short,ma_exit_ema9,0.02781378731979443,1,1.0,1.269,1.269
pairs_mean_reversion_short,ma_exit_ema9,0.03201352433490524,1,0.0,-2.5336,-2.5336
pairs_mean_reversion_short,ma_exit_ema9,0.0329643708582283,1,1.0,0.9416,0.9416
pairs_mean_reversion_short,mfe_lockin_trail,0.015213013136119584,1,0.0,-0.5666,-0.5666
pairs_mean_reversion_short,mfe_lockin_trail,0.02341371593725932,1,0.0,-2.3414,-2.3414
pairs_mean_reversion_short,mfe_lockin_trail,0.02593106711436178,1,0.0,-3.3252,-3.3252
pairs_mean_reversion_short,mfe_lockin_trail,0.02644263009977874,1,0.0,-0.7253,-0.7253
pairs_mean_reversion_short,mfe_lockin_trail,0.02781378731979443,1,0.0,-1.4525,-1.4525
pairs_mean_reversion_short,mfe_lockin_trail,0.03201352433490524,1,1.0,5.2649,5.2649
pairs_mean_reversion_short,mfe_lockin_trail,0.0329643708582283,1,0.0,-0.238,-0.238
pairs_mean_reversion_short,multi_tier_partial,0.015213013136119584,1,0.0,-0.5666,-0.5666
pairs_mean_reversion_short,multi_tier_partial,0.02341371593725932,1,0.0,-2.3414,-2.3414
pairs_mean_reversion_short,multi_tier_partial,0.02593106711436178,1,0.0,-3.3252,-3.3252
pairs_mean_reversion_short,multi_tier_partial,0.02644263009977874,1,0.0,-0.7253,-0.7253
pairs_mean_reversion_short,multi_tier_partial,0.02781378731979443,1,0.0,-1.4525,-1.4525
pairs_mean_reversion_short,multi_tier_partial,0.03201352433490524,1,1.0,4.6662,4.6662
pairs_mean_reversion_short,multi_tier_partial,0.0329643708582283,1,1.0,0.9402,0.9402
pairs_mean_reversion_short,next_pivot_target,0.015213013136119584,1,1.0,0.7345,0.7345
pairs_mean_reversion_short,next_pivot_target,0.02341371593725932,1,0.0,-10.0,-10.0
pairs_mean_reversion_short,next_pivot_target,0.02593106711436178,1,1.0,0.0683,0.0683
pairs_mean_reversion_short,next_pivot_target,0.02644263009977874,1,1.0,1.0362,1.0362
pairs_mean_reversion_short,next_pivot_target,0.02781378731979443,1,1.0,0.7314,0.7314
pairs_mean_reversion_short,next_pivot_target,0.03201352433490524,1,1.0,9.6041,9.6041
pairs_mean_reversion_short,next_pivot_target,0.0329643708582283,1,0.0,-8.9794,-8.9794
pairs_mean_reversion_short,r_multiple_2r,0.015213013136119584,1,0.0,-1.5213,-1.5213
pairs_mean_reversion_short,r_multiple_2r,0.02341371593725932,1,0.0,-2.3414,-2.3414
pairs_mean_reversion_short,r_multiple_2r,0.02593106711436178,1,0.0,-3.3252,-3.3252
pairs_mean_reversion_short,r_multiple_2r,0.02644263009977874,1,0.0,-2.6604,-2.6604
pairs_mean_reversion_short,r_multiple_2r,0.02781378731979443,1,1.0,5.5628,5.5628
pairs_mean_reversion_short,r_multiple_2r,0.03201352433490524,1,1.0,6.4027,6.4027
pairs_mean_reversion_short,r_multiple_2r,0.0329643708582283,1,1.0,6.5929,6.5929
pairs_mean_reversion_short,r_multiple_3r,0.015213013136119584,1,0.0,-1.5213,-1.5213
pairs_mean_reversion_short,r_multiple_3r,0.02341371593725932,1,0.0,-2.3414,-2.3414
pairs_mean_reversion_short,r_multiple_3r,0.02593106711436178,1,0.0,-3.3252,-3.3252
pairs_mean_reversion_short,r_multiple_3r,0.02644263009977874,1,0.0,-2.6604,-2.6604
pairs_mean_reversion_short,r_multiple_3r,0.02781378731979443,1,1.0,8.3441,8.3441
pairs_mean_reversion_short,r_multiple_3r,0.03201352433490524,1,1.0,9.6041,9.6041
pairs_mean_reversion_short,r_multiple_3r,0.0329643708582283,1,0.0,-3.2964,-3.2964
pairs_mean_reversion_short,regime_flip,0.015213013136119584,1,1.0,10.2386,10.2386
pairs_mean_reversion_short,regime_flip,0.02341371593725932,1,0.0,-13.7721,-13.7721
pairs_mean_reversion_short,regime_flip,0.02593106711436178,1,0.0,-5.0497,-5.0497
pairs_mean_reversion_short,regime_flip,0.02644263009977874,1,0.0,-0.4072,-0.4072
pairs_mean_reversion_short,regime_flip,0.02781378731979443,1,0.0,-9.9742,-9.9742
pairs_mean_reversion_short,regime_flip,0.03201352433490524,1,0.0,-7.5162,-7.5162
pairs_mean_reversion_short,regime_flip,0.0329643708582283,1,0.0,-6.5478,-6.5478
pairs_mean_reversion_short,reverse_signal,0.015213013136119584,1,0.0,-0.5666,-0.5666
pairs_mean_reversion_short,reverse_signal,0.02341371593725932,1,0.0,-2.3414,-2.3414
pairs_mean_reversion_short,reverse_signal,0.02593106711436178,1,0.0,-3.3252,-3.3252
pairs_mean_reversion_short,reverse_signal,0.02644263009977874,1,0.0,-0.7253,-0.7253
pairs_mean_reversion_short,reverse_signal,0.02781378731979443,1,0.0,-1.4525,-1.4525
pairs_mean_reversion_short,reverse_signal,0.03201352433490524,1,1.0,4.3945,4.3945
pairs_mean_reversion_short,reverse_signal,0.0329643708582283,1,0.0,-0.238,-0.238
pairs_mean_reversion_short,smart_money_reversal,0.015213013136119584,1,0.0,-0.5666,-0.5666
pairs_mean_reversion_short,smart_money_reversal,0.02341371593725932,1,0.0,-2.3414,-2.3414
pairs_mean_reversion_short,smart_money_reversal,0.02593106711436178,1,0.0,-3.3252,-3.3252
pairs_mean_reversion_short,smart_money_reversal,0.02644263009977874,1,0.0,-0.7253,-0.7253
pairs_mean_reversion_short,smart_money_reversal,0.02781378731979443,1,0.0,-1.4525,-1.4525
pairs_mean_reversion_short,smart_money_reversal,0.03201352433490524,1,1.0,4.3945,4.3945
pairs_mean_reversion_short,smart_money_reversal,0.0329643708582283,1,0.0,-0.238,-0.238
pairs_mean_reversion_short,smc_mitigation_zone,0.015213013136119584,1,0.0,-0.5666,-0.5666
pairs_mean_reversion_short,smc_mitigation_zone,0.02341371593725932,1,0.0,-2.3414,-2.3414
pairs_mean_reversion_short,smc_mitigation_zone,0.02593106711436178,1,0.0,-2.2991,-2.2991
pairs_mean_reversion_short,smc_mitigation_zone,0.02644263009977874,1,0.0,-0.8211,-0.8211
pairs_mean_reversion_short,smc_mitigation_zone,0.02781378731979443,1,0.0,-1.4525,-1.4525
pairs_mean_reversion_short,smc_mitigation_zone,0.03201352433490524,1,0.0,-2.5336,-2.5336
pairs_mean_reversion_short,smc_mitigation_zone,0.0329643708582283,1,0.0,-0.238,-0.238
pairs_mean_reversion_short,time_stop_10d,0.015213013136119584,1,1.0,1.3811,1.3811
pairs_mean_reversion_short,time_stop_10d,0.02341371593725932,1,0.0,-11.0856,-11.0856
pairs_mean_reversion_short,time_stop_10d,0.02593106711436178,1,0.0,-4.5651,-4.5651
pairs_mean_reversion_short,time_stop_10d,0.02644263009977874,1,0.0,-0.6524,-0.6524
pairs_mean_reversion_short,time_stop_10d,0.02781378731979443,1,0.0,-5.2127,-5.2127
pairs_mean_reversion_short,time_stop_10d,0.03201352433490524,1,1.0,9.9119,9.9119
pairs_mean_reversion_short,time_stop_10d,0.0329643708582283,1,0.0,-3.394,-3.394
pairs_mean_reversion_short,time_stop_20d,0.015213013136119584,1,1.0,10.2386,10.2386
pairs_mean_reversion_short,time_stop_20d,0.02341371593725932,1,0.0,-13.7721,-13.7721
pairs_mean_reversion_short,time_stop_20d,0.02593106711436178,1,0.0,-5.0497,-5.0497
pairs_mean_reversion_short,time_stop_20d,0.02644263009977874,1,0.0,-0.4072,-0.4072
pairs_mean_reversion_short,time_stop_20d,0.02781378731979443,1,0.0,-9.9742,-9.9742
pairs_mean_reversion_short,time_stop_20d,0.03201352433490524,1,0.0,-7.5162,-7.5162
pairs_mean_reversion_short,time_stop_20d,0.0329643708582283,1,0.0,-6.5478,-6.5478
pairs_mean_reversion_short,trailing_10pct,0.015213013136119584,1,1.0,5.2971,5.2971
pairs_mean_reversion_short,trailing_10pct,0.02341371593725932,1,0.0,-10.0,-10.0
pairs_mean_reversion_short,trailing_10pct,0.02593106711436178,1,0.0,-10.0,-10.0
pairs_mean_reversion_short,trailing_10pct,0.02644263009977874,1,0.0,-7.4551,-7.4551
pairs_mean_reversion_short,trailing_10pct,0.02781378731979443,1,0.0,-1.0096,-1.0096
pairs_mean_reversion_short,trailing_10pct,0.03201352433490524,1,1.0,1.3289,1.3289
pairs_mean_reversion_short,trailing_10pct,0.0329643708582283,1,0.0,-1.7469,-1.7469
pairs_mean_reversion_short,trailing_15pct,0.015213013136119584,1,1.0,0.9924,0.9924
pairs_mean_reversion_short,trailing_15pct,0.02341371593725932,1,0.0,-15.0,-15.0
pairs_mean_reversion_short,trailing_15pct,0.02593106711436178,1,0.0,-8.2706,-8.2706
pairs_mean_reversion_short,trailing_15pct,0.02644263009977874,1,0.0,-7.677,-7.677
pairs_mean_reversion_short,trailing_15pct,0.02781378731979443,1,0.0,-6.5413,-6.5413
pairs_mean_reversion_short,trailing_15pct,0.03201352433490524,1,0.0,-3.1562,-3.1562
pairs_mean_reversion_short,trailing_15pct,0.0329643708582283,1,0.0,-6.3718,-6.3718
pairs_mean_reversion_short,trailing_5pct,0.015213013136119584,1,1.0,5.7505,5.7505
pairs_mean_reversion_short,trailing_5pct,0.02341371593725932,1,0.0,-5.0636,-5.0636
pairs_mean_reversion_short,trailing_5pct,0.02593106711436178,1,0.0,-5.0,-5.0
pairs_mean_reversion_short,trailing_5pct,0.02644263009977874,1,0.0,-2.6604,-2.6604
pairs_mean_reversion_short,trailing_5pct,0.02781378731979443,1,1.0,3.0814,3.0814
pairs_mean_reversion_short,trailing_5pct,0.03201352433490524,1,1.0,3.3358,3.3358
pairs_mean_reversion_short,trailing_5pct,0.0329643708582283,1,1.0,2.8779,2.8779
